106.93 142.8
173.74 191.01
603.02 287.56
388.58 615.4
648.05 287.57
174.52 179.12
100.21 133.01
158.03 154.96
632.46 253.59
379.07 633.48
120.68 110.67
193.36 192.81
642.74 259.76
123.08 163.68
375.23 686.5
357.58 617.07
607.63 254.35
130.77 190.82
96.24 141.32
367.93 664.58
139.85 155.44
648.29 216.17
114.92 152.36
384.42 601.33
325.51 612.69
300.08 634.55
688.59 202.87
347.18 604.78
363.63 626.97
671.62 262.27
349.89 621.65
171.17 180.06
660.38 234.57
301.09 599
326.37 640.44
105.58 124.07
340.48 603.89
116.18 177.37
141.06 192.91
301.37 679.44
619.96 280.36
345.81 659.3
331.44 639.92
136.31 158.79
296.68 662.11
121.35 113.53
304.36 637.36
136.68 106.9
638.33 286.56
632.56 220.38
686.96 291.63
306.84 629.21
305.82 684.4
184.8 126.9
154.8 186.94
169.15 181.17
166.71 173.94
358.89 645.64
619.59 227.31
595.86 276.76
669.12 196.62
612.5 269.71
180.17 184.58
389.5 641.5
120.14 106.78
634.98 217.78
316.03 629.72
386.14 634.76
596.73 286.41
374.98 628.65
334.51 600.79
316.87 684.04
610.21 220.96
665.14 285.35
348.6 678.53
184.16 144.67
388.34 640.87
346.27 682.81
624.25 292.16
337.64 691.73
96.02 168.08
694.68 223.68
182.92 103.9
618.31 239.53
604.38 294.5
310.56 682.07
182.08 174.25
155.52 171.6
630.86 257
377.27 641.8
611.91 258.2
599.99 222.68
636.53 198.03
614.03 260.26
121.82 97.19
156.27 156.22
111.22 102.65
119.36 128.55
360.04 668.76
336.64 690.67
600.52 239.56
376.99 617.2
304.3 598.46
309.65 615.87
120.92 121.69
335.03 660.92
346.46 605.58
154.63 148.26
638.56 231.63
684.73 205.9
158.57 101.53
129.33 133.54
121.64 140.97
650.34 203.08
651.81 265.49
645.91 265.87
341.46 626.65
622.67 248.28
359.05 613.27
385.25 641.03
625.36 252.42
684.43 256.5
634.99 240.53
673.22 271.98
384.38 601.11
142.91 107.56
140.47 118.92
363.43 664.96
669.26 290.06
346.33 608.47
648.97 199.38
327.38 620.77
371.29 610.33
618.74 281.67
353.35 646.73
194.7 144.04
315.99 664.01
366.65 676.91
114.58 127.93
305.37 670.11
134.66 184
601.72 208.54
301.55 672.9
318.27 595.14
170.4 150.14
363.31 675.32
311.11 654.44
694.23 278.06
114.53 151.25
146.1 136.32
342.91 608.2
161.43 98.89
616.79 195.42
96.68 164.75
120.84 105.5
120.49 111.55
675.33 259.09
356.28 692.29
193.48 185.97
142.23 136.49
389.04 631.87
654.26 264.92
636.75 228.37
682.8 251.43
154.04 188.82
619.34 249.23
186.95 142.67
157.26 98.65
607.67 261.83
314.05 617.21
607.14 266.03
601.34 254.08
627.84 275.19
394.47 614.81
193.49 151.94
682.19 211.7
118.93 100.22
131.88 146.52
194.62 182.52
343.21 620.42
378.48 623.58
375.36 641.75
640.81 231.13
119.65 118.33
169.92 134.84
659.51 195.62
160.99 146.89
341.52 600.51
333.3 676.71
299.39 686.79
170.02 95.84
317.53 604.24
379.41 606.25
178.39 154.93
109.3 109.59
321.31 595.3
117.9 173.63
306.27 637.73
101.85 111.54
682.53 218.11
324.91 597.87
315.58 666.54
670.68 249.27
116.08 154.18
382.08 628.19
346.85 667.56
686.94 269.77
354.9 626.34
595.69 229.16
684.95 220.99
380.56 664.37
686.07 260.65
647.64 253.53
648.97 199.11
148.01 162.53
188.66 161.22
113.72 131.34
327.63 637.2
173.63 138.62
115.6 173
96.97 179.68
381.59 679.64
143.5 158.54
155.32 115.66
675.49 287.56
109.3 121.51
188.16 152.36
348.91 609.14
297.33 648.87
681.61 242.87
95.11 113.62
117.24 122.75
629.13 263.01
166.03 153.87
324.14 632.55
108.5 118.97
153.05 95.5
595.91 251.1
156.64 184.69
334.14 613.77
614.56 289.23
157.92 113.87
146.57 157.32
623.76 249.1
326.33 677.86
181.27 139.81
680.19 282.57
182.99 138.54
651.04 262.28
183.27 134.09
160.66 183.22
139.64 182.44
599.84 212.58
318.11 613.06
149.76 150.31
119.81 97.47
180.08 122.45
145.96 156.37
141.59 147.59
670.8 279.06
672.07 211.07
106.24 142.68
334.31 627.29
362.72 661.08
656.64 203.64
328.57 629.02
313.21 661.78
359.21 617.32
658.03 246.5
651.84 203.51
126.34 146.33
368.96 673.85
684.98 282.46
684.53 250.3
304.86 677.22
358.61 687.88
613.88 238.76
188.23 173.31
347.53 624.62
694.66 217.39
651.19 198.98
382.57 624.73
637.38 285.65
167.44 176.48
173.53 104.04
678.84 238.12
194.73 136.17
165.14 124.31
159.06 169.04
306.26 617.87
382.08 646.62
633.33 268.51
98.09 99.53
141.61 140.82
389.95 671.71
349.33 649.77
639.13 208.4
334.58 666.34
669.54 250.69
139.7 99.8
361.88 647.18
361.81 690.01
108.91 128.2
309.07 624.05
153.93 149.41
192.03 137.74
654.76 240.79
616.64 205.64
159.46 170.47
162.26 170.52
666.35 216.32
171.77 172.4
154.25 121.03
365.26 684.04
111.32 188.15
691.31 201.44
626.6 277.68
673.42 289.71
331.69 660.02
309.26 607.65
394.51 650.37
353.11 636.38
624.29 201.82
375.33 631.9
339.16 632.73
641.16 277.85
147.76 190.88
640.39 227.94
159.21 145.04
641.73 207.14
636.39 293.04
176.13 104.96
147.24 150.35
629.49 287.84
307.66 627.28
667.01 227.43
320.7 690
184.92 123.15
315.02 606.43
643.84 275.27
632.22 225.45
184.88 120.95
309.9 660.53
153.04 168.04
678.53 288.8
122.34 158.34
381.12 670.86
164.36 174.38
129.79 185.74
173.34 187.29
147.37 133.78
343.95 663.95
392.22 666.48
371.3 635.85
656.16 292
595.71 209.77
112.85 96.13
595.88 262.56
175.54 117.17
364.9 692.55
329.23 632.1
296.77 664.35
317.58 681.82
375.39 651.95
640.43 204.34
619.58 249.53
332.77 683.75
145.14 170.69
322.7 649.28
116.75 131.38
131.65 106.01
123.8 105.06
602.6 254.19
374.66 665.92
122.92 170.17
361.33 602.65
301.18 692.56
664.99 215.49
601.57 213.33
306.34 613.1
675.86 266.29
103.17 95.39
678.63 209.77
154.67 193.58
316.77 602.29
690.01 277.02
155.17 181.22
117.44 171.57
153.6 105.86
368.32 663.36
96.7 164.18
610.86 197.37
157.54 134.59
638.08 285.93
624.16 276.42
651.37 196.05
609.91 270.09
175.35 148.83
330.34 604.47
621.96 257.26
334.33 651.7
352.94 668.09
337.34 671.46
668.48 196.35
381.62 674.15
363.76 644.33
113.39 140.75
384.59 625.49
193.62 129.64
346.88 689.93
166.64 184.24
175.02 145.93
689.95 245.12
649.46 282.5
144.07 191.43
139.54 140.07
114.07 122.12
645.31 242.93
181.32 101.27
295.75 666.22
379.9 643.72
316.74 661.27
317.49 607.84
644.35 210.22
322.81 652.82
693.59 266.86
361.02 643.58
681.28 245.53
646.05 261.27
154.57 165.1
126.26 142.47
326.9 642.65
652.14 202.36
305.88 645.07
364.6 598.45
105.38 166.14
632.19 195.48
316.39 677.79
318.38 626.29
138.6 110.83
103.96 96.76
135.68 130.9
142.63 122.44
644.68 235.87
148.8 165.12
661.12 224.15
385.44 689.72
341.94 604.55
646.26 286.16
633.32 229.57
180.72 192.75
392.94 685.74
194.87 119.73
632.27 276.46
120.55 163.35
166.39 103.15
191.38 192.85
634.82 251.01
299.15 676.87
667.68 211.92
622.17 263.96
392.54 616.12
631.35 218.42
637.29 270.27
392.15 640
666.4 250.53
369.34 619.45
302.37 604.05
306.61 656.66
106.15 180.46
129.05 113.93
96.21 165.19
341.97 622.98
341.7 604.55
620.12 203.85
379.45 623.82
177.45 96.67
331.81 615.91
626.97 248.78
372.9 609.95
177.14 160.41
663.06 225.94
126.79 161.06
633.46 275.62
307.13 618.31
632.15 224.65
632.39 246.59
105.07 187.78
597.52 281.38
346.39 680.8
158.9 165.49
151.82 96.61
309.24 679.02
384.76 694.81
321.21 681.05
689.28 244.01
621.01 246.4
124.44 194.18
665.44 274.2
375.54 608.04
