7342.88 4016.44
9536.85 5174.43
6931.26 3468.63
2165.98 1388.99
8144.84 4434.42
1842.46 1058.23
2269.35 1611.67
610.67 423.335
807.87 513.935
8497.57 4449.78
2038.78 1077.39
4335.4 2334.7
2992.08 1640.04
803.54 650.77
3475.91 1917.95
501.4 575.7
1757.54 1105.77
9733.08 5226.54
1462.9 1164.45
9371.29 4789.65
2703.82 1585.91
6589.56 3670.78
4413.43 2884.72
7845.73 4091.86
6783.85 3399.93
431.6 1064.8
7524.97 3846.49
1909.93 1083.97
8080.45 4188.23
8313.16 4169.58
2373.15 1687.58
354.93 934.465
2030.93 1074.47
4681.66 2663.83
6004.3 3252.15
4073.03 2335.52
5153.56 2794.78
2155.12 1488.56
7445.7 3754.85
7513.78 4300.89
225.48 398.74
1163.27 766.635
2097.04 1321.52
1424.34 770.17
4198.04 2371.02
4680.23 2491.11
6199.3 3403.65
3819.69 2197.85
9158.33 4921.16
3073.56 2177.78
6610.25 3633.12
8750.72 4663.36
4225.68 2341.84
6615.44 3347.72
28.26 724.13
6457.88 3430.94
4845.21 2657.61
1988.25 1183.12
586.28 992.14
2449.91 1647.95
2013.54 1189.77
8700.2 4415.1
7663.7 4262.85
1690.98 1357.49
9356.97 4918.48
8891.7 4553.85
2620.39 1403.19
6035.24 3187.62
86.67 339.335
7242.63 3691.32
7260.98 4481.49
2488.02 1684.01
8181.82 4290.91
9528.94 4765.47
1234.59 833.295
1115.42 785.71
1384.89 694.445
722.85 520.425
5052.83 2561.41
2378.5 1218.25
2394.32 1337.16
488.17 368.085
2453.51 2074.76
3838.55 2154.28
4802.14 2708.07
3052.17 1861.09
6431.65 3293.82
9705.52 5322.76
2954.89 1689.44
6491.41 3674.7
9988.88 5780.44
9612.05 5206.02
9857.58 4949.79
7618.66 3899.33
4127.11 2066.55
6424.44 3237.22
7392.53 3799.26
8482.97 4245.48
7090.91 3727.45
8916.63 4497.31
1126.28 839.14
1609.27 874.635
8720.49 4417.24
4181.96 2158.98
5994.57 3007.28
8988.3 4517.15
3561.74 2029.87
9810.49 5338.24
7460.23 3976.11
7247.61 4043.8
7679.4 4309.7
3649.35 1908.67
9492.43 4939.22
4870.83 2561.41
3570.55 1786.28
4464.91 2658.45
8998.67 4845.34
8911.74 4605.87
941.28 648.64
7074.3 4331.15
3708.09 2226.05
2032.71 1392.36
9521.36 5071.68
5118.54 2560.27
9767.58 5770.79
5892.34 3559.17
9355.44 4691.72
3458.19 2155.1
6924.92 4008.46
3729.48 2158.74
7619.42 4217.71
2729.69 1399.85
5111.68 3154.84
3700.77 2051.39
3426.63 2005.32
3075.42 1822.71
6670.95 3478.47
8516.91 4288.45
5872.59 3045.3
5570.06 2945.03
729.62 1193.81
1637.68 1076.84
4690.43 2972.22
2308.43 1399.21
6384.01 3530.01
8459.92 4367.96
6675.75 3370.88
1128.44 607.22
6198.51 3131.26
916.6 772.3
9401.02 5164.51
5936.33 3254.16
300.2 526.1
5664.64 3035.32
5880.3 2992.15
9176.57 4605.28
3477.27 1876.63
5857.75 3363.88
3503.28 1945.64
4279.43 2240.72
744.09 511.045
2789.49 1664.74
4877.48 2459.74
8332.82 4365.41
7922.29 4144.15
8954.9 4944.45
1902.98 1177.49
8393.22 4698.61
9263.06 4641.53
4504 2274
4175.91 2447.95
7208.97 3644.49
8375.82 4282.91
6343.15 3763.57
3109.03 1737.52
4236.57 2356.28
7600.68 4179.34
4336.26 2173.13
9397.97 4700.98
6127.78 3538.89
7362.11 3989.05
9002.94 5160.47
2404.17 1499.09
5991.07 3639.53
7344.27 4209.14
2343.69 1418.85
6756.06 3717.03
5843.43 3389.72
1289.47 1217.74
3840.43 1971.21
1380.09 1268.05
6665.03 3863.51
2473.47 1482.73
6629.53 3823.76
8612.63 4747.31
5775.22 2975.61
2948.03 1494.02
8929.89 4483.94
5453.06 2875.53
6133.89 3071.95
4413.7 2280.85
7879.35 3958.68
3965.07 1996.54
3551.19 2053.6
4883.47 3175.74
7648.51 4301.26
1825.22 1033.61
1503.9 762.95
6316.92 3205.46
8526.91 4409.45
3658.42 2002.21
5023.16 2659.58
6270.22 3417.11
7871.49 4137.74
1703.39 1124.7
3590.49 1846.24
1103.06 619.53
8026.87 4049.43
7146.5 3674.25
2140.09 1409.05
6418.25 3267.12
8374.69 4191.35
105.35 90.675
2044.43 1401.22
7011.97 3591.99
5725.98 2885.99
1398.41 969.205
3277.28 2164.64
2416.36 1598.18
1416.09 744.045
9965.84 5054.92
2419.66 2030.83
1120.8 930.4
547.97 584.985
319.9 973.95
4856.5 2687.25
5944.88 3229.44
663.96 648.98
256.53 217.265
1615.38 952.69
2554.98 1341.49
2831.13 1790.57
2140.86 1250.43
9045.71 4704.85
7928 4047
9896.7 5180.35
2881.34 1749.67
8713 4436.5
2139.79 1403.89
3538.75 2078.38
1448.67 755.335
7992.24 4012.12
2394.01 1701.01
6390.58 3367.29
3666.39 2202.19
2725.15 1707.58
3311.89 1812.94
4639.33 2733.66
329.32 166.66
118.96 238.48
9004.06 4533.03
1525.08 1130.54
6187.69 3879.84
8744.13 4494.06
208.56 388.28
984.56 1000.28
6865.89 3477.95
8366.05 4711.02
5312.03 2822.01
2879.26 2086.63
8885.14 4909.57
7341.19 3681.59
1794.79 924.395
2565.3 1556.65
4994.12 3064.06
7661.26 4564.63
526.36 346.18
2615.89 1634.94
3129.64 1865.82
5633.76 2919.88
6008.15 3198.07
365.58 341.79
9431.15 4843.57
9759.89 4890.94
3697.82 1963.91
7703.74 3921.87
5379.93 2690.97
9633.87 4985.94
5793.22 3269.61
7719.51 4578.76
9184.53 5190.27
3512.39 2062.19
1456.34 857.17
6080.52 3282.26
6413.49 3624.74
4802.24 2421.12
6207.75 3740.88
4448.76 2267.38
4806.76 2440.38
9232.21 4636.1
9674 4843
9759.04 5253.52
4093.77 2054.89
4285.14 3099.57
8589.79 4560.9
605.6 565.8
530.76 722.38
8547.07 4912.53
2199.54 1119.77
1890.4 1384.2
3496.94 1982.47
6201.56 3430.78
7252.38 3791.19
7019.01 3565.51
2145.75 1794.88
6908.05 3770.03
6825.2 3949.6
2408.48 1337.24
116.89 677.445
2441.52 1290.76
2132.34 1519.17
8081.11 4534.56
9650.15 5395.07
3362.46 1739.23
5738.86 3013.43
6047.72 3405.86
4534.87 2274.43
8267.62 4547.81
5494.03 2892.01
6860.91 3453.45
6125.96 3415.98
1554.39 883.195
7855.56 4018.78
4822.08 2482.04
5841.75 2960.88
5868.97 3448.49
8131.68 4074.84
6129.62 3865.81
2703.38 1647.69
7196.35 3945.18
6362.74 3218.37
5877.07 3287.53
3458.01 2009.01
8233.42 4737.71
6969.88 3496.94
8104.1 4322.05
2457.95 1385.97
3369.03 2124.52
9375.73 4754.86
3195.83 1665.91
9483.86 4758.93
7682.26 3878.13
992.35 526.175
1701.14 1420.57
5214.11 3406.05
7686.08 4228.04
5362.81 3249.41
5867.16 3205.58
7285.23 3673.61
6852.01 4154.01
7778.62 4638.31
5044.67 3218.34
9427.77 4920.89
7604.9 3945.45
7013.67 3861.84
8255.45 4346.73
9361.5 4727.75
5068.75 3249.38
2422.76 1494.38
4110.93 2568.47
420.74 754.37
8271.35 4489.68
2947.07 1524.54
4534.17 2485.09
7662.19 3953.09
8069.36 4251.68
779.29 618.645
6217.18 3553.59
8887.97 4779.98
9727.1 5084.55
6456.49 3311.24
766.79 407.395
5150.73 2731.36
2759.84 1613.92
5439.97 3126.99
7050.44 3767.22
1083.53 634.765
6216.78 3354.39
3395.74 1867.87
5391.19 2762.59
4550.32 2459.16
1183.86 771.93
3152 1657
2762.19 1494.1
9876.85 5530.43
9326.07 4755.03
7532.69 3880.34
6085.5 3092.75
3610.43 1860.21
5384.7 3228.35
1520.56 844.28
5926.73 2974.36
1916.17 1712.09
9180.66 5247.33
3206.92 1615.46
3566.93 1946.46
8829.7 4718.85
625.87 531.935
6391.95 3212.97
7994.58 4033.29
1532.95 1264.47
7159.13 3713.57
2740.95 1401.47
5942.07 3440.03
2420.82 1260.41
725.2 418.6
4378.89 2197.45
4320.26 2842.13
1569.81 1201.9
4627.34 2443.67
828.86 662.43
5979.37 3218.68
9292.37 4737.19
8087.09 4077.55
1689.7 1203.85
6175.7 3206.85
8854.62 4453.31
1308.35 844.175
6030.02 3076.01
7369.33 3912.66
8197.9 4718.95
8791.34 4919.67
4965.66 2556.83
4099.96 2769.98
2497.58 1336.79
8292.86 4327.43
1424.13 730.065
1693.25 929.625
2032.42 1022.21
8931.89 4774.94
412.74 378.37
5104.62 2764.31
9975.45 5326.73
6961.67 3691.84
908.95 460.475
5295.91 3401.95
6321.46 3280.73
2764.7 1515.35
9069.76 5053.88
6412.61 3266.3
489.27 423.635
4646.94 2886.47
921.95 596.975
7472.32 3769.16
8824.36 4586.18
5678.03 2843.01
1742.99 980.495
4339.94 2537.97
849.51 470.755
8163.96 4312.98
5089 2933.5
2740.29 1834.14
4504.57 2503.28
2183.25 1407.62
5299.98 2912.99
5699.57 3315.78
7850.38 4224.19
1953.36 1547.68
1292.79 1284.39
2335.68 1252.84
3797.78 2246.89
1066.51 573.255
3357.39 2011.69
4750.57 2865.28
9752.33 4878.16
9207.93 4632.97
8282.86 4616.43
4095.64 2219.82
1230.23 908.115
586.52 374.26
6297.12 3516.56
3232.86 1946.43
5591.35 3288.68
8934.54 4615.27
8003.17 4139.59
6017.33 3378.66
7685.63 4484.82
7998.33 4376.16
2412.75 1354.38
23.83 135.915
4234.83 2158.41
3908.87 2333.43
4416.72 2436.36
3375 1897.5
6640.82 3415.41
8271.44 4205.72
1820.47 1242.24
2095.09 1453.55
8695.19 4458.6
1218.89 937.445
