0 yamashita 160 0 76.6 51
1 ogawa 170.2 0 66.1 27
2 takeuchi 175.5 0 41.5 70
3 takano 154.4 0 68.4 95
5 masuda 171.4 1 69.4 97
8 ikeda 165.5 1 69.9 8
16 fujimoto 142.1 1 43.7 76
17 matuo 169.6 1 76.9 83
18 tuji 167.3 0 79.1 24
22 matsuoka 151.2 1 70.7 87
23 miyazaki 174 0 60.9 8
24 baba 173 0 71.7 13
26 mizuno 154.5 1 65.4 88
27 miyazaki 167.2 0 44.2 35
29 nishida 147.2 1 49.7 10
38 yamaguchi 176.7 0 43.9 43
39 ishikawa 149.5 0 45.6 31
40 yoshida 152.6 0 65.5 70
42 nishida 151.9 1 61.3 95
43 watanabe 179.1 1 46.2 11
45 yamauchi 162.1 1 68.1 49
47 suzuki 168.9 1 75.1 46
48 furukawa 142.2 1 60.8 12
49 simada 148 0 52.1 58
52 kikuti 176.1 1 66.8 53
54 kubota 158.5 1 65.6 89
55 kouno 152.7 1 64.4 7
57 takeuchi 143.1 1 67.5 14
59 shimizu 143.2 1 45.7 19
60 takeda 157.4 0 56 36
61 ueda 151.6 1 65.9 49
70 kojima 169.8 0 65.9 53
71 miyazaki 169.4 1 52.7 26
72 ishikawa 166.2 0 60.6 24
73 watabe 161.8 1 52.1 61
75 sakamoto 158.7 1 55.5 15
77 kaneko 171 0 63.2 52
78 satou 155.2 1 50.4 5
81 kudou 142.6 0 43.1 49
83 nishida 160.6 1 62.9 59
85 watanabe 174.9 0 64.4 23
86 sakurai 175.1 0 53.2 86
88 yamaguchi 178.3 1 50.7 14
90 matsui 155 1 47.2 29
92 fukuda 144.1 0 73.3 85
93 hirano 168.6 0 62.6 14
94 morimoto 164.8 1 50.6 6
95 kubo 161.8 0 53.6 46
97 hirata 170.6 1 70.4 35
98 honda 160.8 1 52.5 19
102 ikeda 161.3 1 76.2 50
103 baba 156.4 1 52.6 10
104 mizuno 173.8 0 56.4 1
107 kawasaki 159.8 0 58.3 55
108 kobayashi 146.8 1 60.1 19
110 suzuki 161.1 1 75.3 94
111 yamanaka 151.9 0 78.8 94
113 sakurai 175.6 0 42.1 9
115 yamamoto 148.5 1 65.2 69
116 matuo 156.5 1 61.8 99
117 honda 164.7 1 50.1 0
119 kitamura 160.9 0 76.1 31
120 ishikawa 166 1 72.6 86
121 nakajima 166.4 0 54.2 24
122 murakami 160.4 1 63.9 30
127 ogawa 179.8 0 58.2 2
128 yano 140.3 0 79.7 44
129 miyamoto 143.7 1 67.3 49
132 kubo 165.6 1 54.4 36
133 sugiyama 178.1 0 48.7 12
135 harada 168.1 1 43.6 65
136 kitamura 149.7 0 61.4 66
137 hujita 164.5 0 62.6 20
142 matsumoto 161.9 1 49.3 29
144 sakurai 152.9 0 55.7 16
147 ishida 151.9 1 52.9 39
150 yoshikawa 156.6 0 43.5 87
152 kubo 165.4 1 54.7 8
157 tanaka 172.8 0 63.4 96
158 mori 169 1 50.3 59
159 nisimura 165.8 1 54.4 74
161 oohashi 176.7 1 45.2 93
162 fujimoto 169.3 0 52.4 80
164 yamanaka 141.7 0 40.2 52
166 shibata 165.4 0 61.8 63
167 sasaki 179.9 1 77.1 30
168 honda 158.4 0 46.2 9
169 gotou 141.9 0 43.9 77
170 matsumoto 140.1 0 74.5 5
171 endou 150.4 0 41.6 15
172 matsushita 170.7 1 72.1 89
175 nakamura 151.4 1 71.2 88
178 sakurai 170.2 0 44.6 63
180 sano 150.3 1 69.5 84
181 endou 165.8 0 78 34
182 nakano 162.3 1 73 16
183 yamaguchi 151.2 0 69.6 69
184 abe 162.6 0 58.7 71
186 akiyama 160.3 1 69.6 69
190 tuchiya 169.9 1 69.2 24
191 morita 148.1 1 60.4 3
192 ikeda 145.6 0 53.1 72
193 inoue 155.5 0 55.7 42
195 akiyama 167.6 0 52.6 7
197 ikeda 157.8 0 70.9 10
207 ueda 157.6 1 69.3 73
208 yamanaka 144.5 1 55.6 62
211 hara 142 1 68.1 66
212 higuchi 155.6 1 57.7 62
213 itikawa 156.8 0 43.3 42
217 akiyama 142.4 1 40 85
219 kikuchi 144.5 1 70 25
220 komatsu 140.1 0 52.9 3
223 matsuoka 155.4 0 65.4 56
228 yasuda 172.9 1 56.4 82
229 wada 153.8 0 47.9 75
233 tanaka 158.6 0 55.4 77
234 aoki 150 0 54.4 18
237 masuda 143.9 0 52.3 27
241 watabe 165.2 0 65.9 61
243 miura 158 1 69.8 61
245 igarashi 175.5 1 48.1 6
249 saitou 150.9 1 49.1 28
250 taniguchi 155.3 0 61 82
251 miyazaki 152.6 1 64.9 85
252 nishikawa 158.1 1 51 24
253 hattori 164.6 0 78.1 0
254 morimoto 168.3 0 40.2 34
256 matsui 158.4 1 58.6 95
258 hirano 174.1 0 50.7 41
262 ishii 174.4 0 68.3 31
263 ishihara 163.2 0 69.2 5
267 sakurai 153.5 0 46.2 4
269 abe 167.9 1 74.4 22
271 iwata 151.2 0 53.9 25
272 ono 177.3 1 47 90
273 kojima 142.7 0 53 62
274 asano 147.7 0 69.9 18
276 oono 141.3 0 65.7 56
278 yoshikawa 168 0 44.1 79
281 kouno 177.2 0 57.6 96
286 watanabe 177.4 0 50.4 41
287 ishida 161.9 0 46.1 67
288 sugawara 142.2 0 65.1 26
291 watabe 174.8 0 60.7 49
292 kubota 140.1 0 43 70
293 hoshino 143.6 0 41.9 81
297 hoshino 159.8 1 43.4 41
298 sugimoto 143.6 0 63.9 60
302 azuma 152.8 0 74.5 48
305 higuchi 179.4 1 46.4 59
306 tuchiya 145.2 0 59.6 53
308 kikuchi 152.5 0 69.3 17
310 masuda 161.2 0 41.6 62
312 matsushita 144.6 0 77 12
314 hara 165.1 0 65.5 47
320 miyazaki 171.3 0 56.3 24
323 takeda 162.3 1 61 15
326 iida 160 0 47.4 96
328 chiba 163.4 1 54.4 69
329 iwasaki 140.7 1 75.5 86
330 uchida 150.7 1 76.4 31
333 mizuno 153 0 70.9 12
335 mori 153.9 1 44.8 7
336 ueda 164.6 1 55.1 50
337 nakanishi 158.2 1 59.3 69
339 fujiwara 148.4 0 70.4 58
340 iida 149.3 1 54.2 71
344 morimoto 166.5 0 65.7 37
346 fujiwara 141.5 0 54.7 83
347 oohashi 153.2 0 58.3 24
348 nomura 166.5 0 70.1 63
349 yamazaki 166.3 0 50.7 26
358 uchida 153.7 1 77.2 43
360 ishihara 140.1 0 57.9 81
363 tamura 145.5 0 75.1 61
366 sugimoto 156.2 1 63.6 92
367 murakami 178.1 1 78.3 8
369 simada 140.5 1 73.4 97
373 yamada 178.5 1 74.7 67
374 nisimura 158.7 0 40.6 93
375 hirata 147.8 0 65 91
376 morita 142.1 1 49.4 30
383 yokoyama 142.1 1 77 47
384 gotou 155 0 74.3 26
386 miyazaki 179.7 1 67.6 39
387 kitamura 149.1 1 69.2 54
388 ogawa 142 0 51.8 43
389 kinoshita 167 0 51.7 33
390 matuo 151.2 1 73.8 74
391 kouno 148.7 1 53 75
395 sakai 158.6 1 77.6 13
399 oota 174.5 1 47.9 39
401 aoki 162.6 1 46.9 58
403 asano 175.8 1 50.5 74
404 ootuka 162.8 0 79.6 4
405 inoue 161.6 1 71.5 68
406 nakajima 142.8 0 49.1 32
407 nakagawa 178.9 1 72 1
410 endou 147.2 1 54.1 88
412 komatsu 161.7 0 41.9 2
413 mori 178.3 1 57.3 30
414 ueno 158.4 0 40.9 81
416 saitou 161.6 0 41.6 31
417 saitou 175.7 0 67.7 88
421 okada 149.2 0 51.3 47
422 kondou 144.1 1 65.4 5
424 masuda 157.1 1 72.8 98
426 satou 153.9 1 64 87
427 inoue 169.2 1 50.3 59
429 higuchi 143.8 1 41 13
431 yoshioka 159.8 1 60.3 28
435 ishihara 162.7 0 53 27
436 ookubo 158.4 1 68.8 37
437 sano 175.5 0 77.1 6
441 okamoto 167 0 73.2 46
448 nakajima 151.1 0 57.6 90
451 yokoyama 155.9 0 46.9 75
453 takahashi 153.7 1 56 85
463 ishikawa 172.6 0 46 93
467 kouno 160.6 0 49 38
468 yokoyama 163.9 0 79.7 48
469 takada 150.3 0 68.3 13
470 yamanaka 160.5 0 47.5 52
473 ikeda 164.5 0 79.4 39
477 itou 178 1 49.5 50
480 matsumoto 167.6 1 47 90
481 kinoshita 149.2 0 51.7 1
482 okamoto 150.6 1 61.5 27
483 sakai 144.8 1 63.3 90
486 matsushita 164.9 0 76.3 6
487 yamazaki 179 1 76.6 28
488 takeuchi 151.1 0 73.7 12
489 nakano 171.7 0 61.8 10
491 ishii 165.5 0 54 97
496 igarashi 140.7 1 67.2 48
497 taniguchi 141.6 0 70.1 43
500 tamura 178.5 1 53.6 35
503 miyamoto 148.3 0 41.5 14
508 kubo 150.5 1 60.3 85
510 arai 172.1 0 73.5 78
511 akiyama 177.5 0 65.6 69
512 ikeda 164.7 1 68.9 62
515 nakamura 167.1 0 69.3 66
517 matsushita 152.8 0 50.1 43
520 ishihara 162.7 1 56.4 94
521 matsushita 140.6 0 78.6 15
524 kondou 143.1 1 50 38
527 simada 140.6 1 74.2 73
528 tanaka 159.7 0 41.1 48
529 nomura 175 0 70.4 67
530 uchida 168.4 0 58.3 48
532 seki 165.6 0 73.7 67
533 yasuda 167 1 64.5 94
534 nakamura 144.4 1 47.2 92
536 gotou 155 0 74.8 37
538 ishida 156.8 1 69.8 91
539 andou 157.9 1 51.2 18
540 katou 155.7 0 64.8 17
541 taguchi 165.5 0 77.4 8
542 honda 143.2 1 60.5 27
543 wada 178.6 1 53.5 18
544 ogawa 174.4 1 65.2 25
545 okamoto 148.3 1 54.4 45
549 nishida 147.6 1 62.9 87
550 kobayashi 153.5 1 60.4 22
551 kitamura 172.2 0 49.8 75
552 nisimura 178.7 1 49.4 50
553 ueda 140.5 1 41.4 43
560 nakata 143.8 0 50.4 96
561 kitamura 171.4 0 56.7 18
562 sano 164.9 0 71.7 89
564 fujii 163.5 1 79.7 71
567 yamauchi 156.2 1 73 14
568 sugawara 167.2 1 48.4 23
569 miyamoto 160.3 1 55.9 49
572 ueda 158.5 1 65.3 82
574 fujii 167.5 1 56.9 6
576 takeuchi 160.7 0 67.5 43
577 ootuka 155.2 1 43.5 77
578 kojima 177.7 1 54.1 21
579 taniguchi 176.4 1 44.2 96
581 oohashi 155 1 55.8 81
582 fukuda 165.5 1 69.4 55
583 hirata 142.5 0 66.3 16
584 nishida 174.7 1 60.3 1
585 harada 162.8 1 76.1 19
587 noguchi 163.8 1 64.3 78
588 sano 153.6 0 47.5 51
589 wada 160.4 1 50.1 52
590 yamauchi 151.6 0 50.1 18
591 murata 150.7 0 74.5 55
595 tuji 175.3 0 79.8 13
596 taguchi 144.2 0 67 49
597 chiba 167.3 0 43.9 70
601 aoki 153 1 68.6 79
602 itou 168.8 0 40.7 78
604 maruyama 178.2 1 54.5 68
607 nakata 163.1 0 44.4 33
610 igarashi 150.6 0 74.4 73
613 andou 170.7 1 59.7 51
614 iwata 173.4 1 67.9 7
617 murata 169.8 1 51.4 13
618 tuchiya 167.8 1 72.3 67
619 maeda 140.2 1 70.4 51
620 kawasaki 175.1 0 44.3 81
621 kawasaki 143 1 64.3 55
628 ishida 179.1 0 57.8 28
631 uchida 158.5 1 57.3 41
632 yamazaki 140.9 0 75 92
634 nishida 165.9 1 58.3 90
637 hirano 173.9 1 58.5 56
640 nagai 168.2 1 47.7 73
641 nakata 165.3 0 56.9 95
643 yamaguchi 158.4 0 64.5 8
644 yamashita 149.5 1 75.2 0
645 taguchi 174 1 44 85
648 tanaka 168.4 0 47.6 69
649 kojima 145.2 0 63.3 82
650 yamashita 177.1 0 44.6 62
654 kubota 170.7 1 40.4 14
659 ogawa 166.7 1 58.6 60
660 asano 152.3 1 41.4 74
662 watanabe 170.2 0 43.1 98
667 sugiyama 151.5 1 50.9 97
668 nakano 144.5 1 57.1 9
669 takagi 160.6 1 70.1 44
672 inoue 148.9 0 42 53
675 murakami 175.8 1 62.3 7
676 hayashi 142.9 1 68.2 18
677 ono 179.3 1 52 26
679 tamura 175.1 0 72 55
680 ishikawa 147.1 1 66.5 11
683 noguchi 160.5 0 58.3 37
687 kikuchi 152 1 71.6 77
690 iwasaki 161.8 1 73.1 77
691 oyama 165.2 0 48 69
692 iwasaki 141.4 1 75.8 55
693 seki 178 1 63.6 43
695 kikuti 162.3 1 70.3 52
696 yamada 149.2 1 64.9 35
702 hashimoto 170.5 1 63.3 19
703 higuchi 172.2 0 61.9 50
705 maruyama 157.4 0 42.3 39
707 baba 148.6 1 58.6 12
710 takeuchi 177.6 1 70.4 68
713 yamauchi 149.7 1 51.9 83
714 shibata 172.4 0 50.1 33
718 uchida 166.1 1 69.1 43
719 ishikawa 178.5 1 70.2 2
720 gotou 167.3 0 57.8 1
722 komatsu 140.6 0 62.1 27
724 baba 174.8 1 48.9 71
725 saitou 147.2 0 79.9 64
726 nakata 160.2 1 56.7 89
731 itikawa 158.8 1 57.7 86
732 yano 145.8 0 68.5 33
734 ogawa 147.4 0 46.9 33
735 ishii 173 1 69.9 26
736 kikuchi 165.9 1 53.2 71
737 hayashi 174.2 1 58.9 67
738 inoue 161 1 76 1
739 yoshikawa 150.8 0 51.2 26
740 hayashi 147.2 1 49.9 93
742 nakano 158.5 0 61.2 27
743 komatsu 141 1 63.8 89
746 chiba 171.1 1 65.8 7
748 tanaka 167.1 1 55.2 77
750 oonishi 143.4 1 40.6 34
752 hasegawa 142.8 0 46.8 51
753 igarashi 161.6 1 76 32
754 hasegawa 157.1 0 48.5 55
755 sakamoto 173.3 1 76.3 8
757 honda 176.3 1 56.8 3
759 fukushima 172.3 0 61.9 55
761 nakata 147.4 1 66.6 85
762 higuchi 153.7 0 54 31
764 matsuoka 155.4 1 50.2 81
771 miura 156.6 1 74.1 36
774 nakagawa 149.7 0 55.2 11
776 matsui 156.2 1 52.5 17
777 hattori 176.5 1 77.8 75
779 tanaka 175.3 0 61.3 24
780 oota 159.3 1 69.5 42
783 kondou 166.5 1 74.3 94
784 nagai 165.7 1 75 36
786 yamada 166.9 1 50.9 57
788 itou 165.6 1 77.3 76
790 sakurai 143.4 0 71.7 24
791 takahashi 160.4 1 57.6 15
793 hamada 176.7 1 63.6 44
795 tuchiya 153.6 0 42.5 5
797 arai 155.4 1 78.4 3
800 shimizu 153.3 0 60.1 31
802 azuma 149.6 1 54.5 10
809 fujii 158.4 0 60.4 38
810 hoshino 171.5 0 56.7 91
811 nagai 145.9 1 75 20
815 tanaka 145 0 54.6 45
816 endou 159.5 0 60.8 35
819 inoue 142.2 1 58.2 31
820 ookubo 179.5 1 60.8 85
821 simada 167.3 1 64.3 73
824 nakajima 177.7 0 46.3 34
826 fujiwara 156.7 1 75.5 31
827 imai 152.3 0 44.4 20
831 baba 149.2 0 72.4 62
836 aoki 147 1 62.4 44
837 yamauchi 174.9 1 62.8 97
839 nakagawa 161 1 50.8 40
841 suzuki 160.9 1 48.3 33
843 hujita 174.3 1 79.9 66
844 hoshino 145.9 0 58.8 47
846 takada 149.5 0 42.6 70
847 furukawa 158.9 0 76 21
849 kitamura 164.7 1 68.2 81
850 nishida 177.4 1 73.3 99
852 tanaka 163.5 1 42.8 1
856 matsumoto 166.1 0 75.6 23
859 taniguchi 150.2 0 61.8 70
860 hashimoto 177.2 1 64.3 36
861 saitou 148.6 1 74.3 86
867 takeda 177.9 1 75.7 39
869 yoshimura 144.6 1 77.9 37
870 takano 162.7 1 58.5 84
871 murakami 149.7 0 56 28
873 satou 141 1 69.9 90
875 oonishi 169.1 0 51.6 88
876 ookubo 152.2 1 67.5 55
880 kawaguchi 169.5 1 45 83
881 fukushima 158.6 0 68.9 19
882 sano 155.4 1 50.4 13
883 watabe 142.3 0 49.8 16
886 hattori 166.1 1 44 24
891 yokoyama 162 0 72.6 19
893 simada 175.2 0 73.9 18
895 ogawa 159.3 1 69.8 3
897 yano 178.6 1 73.6 95
902 takeda 177.1 0 43.6 31
904 oonishi 173.1 1 77 91
905 morita 152 0 45.5 35
910 kinoshita 162 0 71.1 26
914 takada 144.2 0 53.5 61
915 hoshino 151.9 1 61.5 6
916 hattori 154.9 0 42.1 53
917 endou 160.8 1 60.5 31
920 nakano 173.6 0 55.1 33
923 fukushima 148.5 1 40 28
924 kikuchi 160.6 0 61.4 9
925 baba 179.7 0 46.2 87
926 itikawa 161.1 1 72.8 48
927 yamauchi 169.1 0 41.8 76
929 hattori 179 0 72.8 17
930 hirano 156.2 0 56.3 10
931 takagi 168.7 0 74.1 19
932 murakami 172.2 1 51 10
933 tuji 151.6 0 42.8 65
935 matsui 141.1 1 54.2 56
936 sasaki 142.1 1 67.9 79
941 kojima 167.4 0 44.8 66
943 itikawa 158.2 1 45.8 73
944 miura 145.2 1 64.5 22
945 saitou 178.7 0 61.5 64
947 hirata 160.3 1 54.9 86
948 yokoyama 143.9 1 45.5 30
949 yoshioka 157.6 1 71.1 14
950 takahashi 165.3 1 71 62
958 fujimoto 150 1 65.3 33
960 kojima 172.6 1 42.4 8
964 watabe 160.9 0 49.5 11
965 nakagawa 173.6 1 51.7 3
967 taguchi 142 0 73.5 71
970 kikuti 174.5 0 59 36
971 ishii 162.8 0 63.2 52
972 yamauchi 148.8 1 79.5 49
973 hara 161.7 1 63.9 22
974 hattori 140.8 1 66.8 53
975 suzuki 146.6 0 45.3 66
976 hayashi 178 1 74.1 47
977 fukushima 147.7 1 65.1 85
978 kikuchi 144 1 70.1 6
979 ishihara 160.2 1 78.8 88
983 mori 149.7 0 55 87
985 harada 154.5 0 50.7 3
986 ono 174 1 54 79
988 nishida 158.1 0 70.8 89
990 hoshino 142.5 0 44.9 9
991 takeuchi 165.7 1 58.9 10
992 yasuda 170 1 42.7 44
994 baba 150.7 1 41.6 92
995 takahashi 163.3 0 72 0
996 ueno 157.9 0 79 3
998 fujimoto 179.5 0 73.8 92
1000 iwasaki 174.4 0 60.6 40
1001 ogawa 167.5 0 47.8 16
1006 wada 173.9 1 61.4 78
1008 higuchi 171.4 1 54.8 61
1010 ono 179.5 0 79.1 82
1011 yoshimura 179.9 1 53.6 44
1015 ishida 143.6 0 51.8 59
1016 saitou 143.1 0 40.8 18
1018 sugimoto 148.8 0 74.6 85
1019 takagi 153.3 0 49.7 13
1020 kondou 163.4 1 46.6 82
1024 ishihara 165.9 1 62 44
1026 hasegawa 164.5 0 78.8 74
1027 ogawa 148.1 0 71.1 19
1028 sugimoto 151.2 1 41.4 93
1030 oota 140.8 0 56.3 81
1033 matsumoto 173.7 1 62.9 41
1035 nisimura 159.1 1 77 59
1040 yasuda 174.7 1 56.1 81
1041 kikuchi 146.5 0 76.1 12
1043 andou 149.5 1 68.5 83
1046 azuma 168.3 0 77.7 64
1047 miura 173.5 1 48.7 81
1048 watanabe 178.5 0 59.6 99
1049 ootuka 172.9 0 63.6 26
1050 noguchi 158.8 1 78.1 14
1051 ueda 140.7 0 42.6 50
1054 saitou 145.6 1 49.2 90
1056 kojima 153 1 48.8 68
1059 kubota 160 0 41.8 48
1060 hara 154.9 1 49.7 86
1062 iwata 161.1 0 44.8 37
1064 kawakami 158.5 1 45.9 22
1067 uchida 166.7 1 65.3 73
1069 takahashi 153 0 41.2 64
1070 takada 177.6 0 51 99
1074 yoshida 140.3 1 78.6 51
1075 kawasaki 165.8 1 56.4 59
1076 yasuda 165.7 0 69.5 45
1080 kaneko 177 1 47.7 99
1081 kikuchi 161.2 1 62.5 65
1082 gotou 153.9 0 43.9 1
1083 yamazaki 152.3 0 55.5 68
1084 yamashita 155.2 0 60.7 66
1085 matuo 141.2 1 71.1 48
1088 tuchiya 173 0 50.7 97
1090 yano 150.2 0 44.6 11
1091 kubo 176.9 1 50.6 51
1093 yasuda 173.6 1 76.7 52
1096 satou 170.6 0 78.5 99
1097 mizuno 175.2 1 72.6 3
1098 miura 150.8 0 58.7 65
1099 honda 152.2 1 68.8 91
1100 kikuti 149.4 0 42.7 57
1101 matsui 144.3 0 45 8
1103 kojima 174.1 1 66.9 90
1106 maruyama 140.4 1 78.3 39
1108 kudou 163 1 64.7 3
1112 inoue 161.7 0 41.7 12
1113 murata 145.8 0 66.6 98
1115 imai 146.9 0 67.2 66
1117 fukushima 176.2 1 57.4 10
1122 nakajima 172.7 0 60.9 73
1125 matsushita 144.8 1 75 66
1127 itikawa 141.6 0 47.9 62
1128 ishii 145 1 58 54
1132 murakami 172.3 1 67.8 95
1133 hoshino 142.6 0 59 8
1136 hamada 144.5 1 60.4 7
1137 mizuno 140.3 1 72 4
1138 sugiyama 150.4 1 52.8 0
1139 fukushima 166.4 1 44.7 25
1142 suzuki 171.4 1 62.8 93
1147 itikawa 169.7 1 63.6 15
1148 ogawa 140.9 0 62.8 15
1149 sakai 154.6 1 48.2 73
1151 sano 165.1 1 71.6 8
1152 matsuoka 177.2 1 78.6 36
1154 miura 143.1 1 42 76
1158 watanabe 173.8 1 77.3 8
1161 ootuka 168.8 1 70.8 97
1168 takagi 161.1 0 61.4 5
1169 miyamoto 152.7 0 49 21
1170 nakamura 154.8 0 55.3 60
1171 iwata 154.4 1 44.8 93
1174 aoki 140.1 1 53.3 24
1175 tamura 146 0 65.3 2
1176 kawaguchi 177.4 1 59 50
1178 taniguchi 164.8 0 75.3 25
1179 itikawa 171.3 1 61.5 39
1181 takano 145.8 1 61.5 25
1187 wada 178.7 0 66.7 70
1189 ono 140.4 0 43.3 35
1191 maruyama 153.7 1 49.8 72
1193 sakurai 161.3 1 43.8 76
1194 abe 156.2 0 78.6 0
1199 morimoto 142.9 1 49.6 34
1201 endou 158.6 1 61.6 70
1204 kondou 177.2 1 78.2 59
1205 kubota 140.8 1 72.1 6
1207 hamada 149.1 1 57.3 97
1208 kawaguchi 161.5 0 64.8 95
1209 kimura 153.8 0 70.7 84
1211 watanabe 161.7 1 46.1 10
1212 tuji 160.8 0 49.6 37
1213 hirano 146.3 1 40.1 6
1214 tuji 141.9 1 50.1 94
1217 honda 158.5 1 69.5 8
1219 mori 174.6 1 75.8 21
1220 kouno 166.3 1 59.1 79
1222 suzuki 172.5 1 71.7 61
1226 miyazaki 170.8 0 64.3 74
1227 miura 160 1 71.2 81
1228 arai 157.7 0 64 2
1229 gotou 179.3 0 47.4 37
1230 miyamoto 142 1 46.3 89
1231 kimura 152.3 1 51.8 62
1232 takada 162.3 1 66.1 82
1235 fukushima 165.3 1 60.5 48
1236 takagi 148.3 1 40.2 49
1237 iwata 165.7 0 72.4 34
1242 oyama 146.4 1 79 58
1244 kawaguchi 176.7 0 42.2 91
1247 yamanaka 146.4 1 71 20
1248 andou 146.7 0 49.5 31
1249 takagi 163.7 1 52.5 45
1250 aoki 175.7 1 50.7 24
1251 arai 158.2 0 70 45
1252 kaneko 152.9 1 60.6 69
1254 nakata 156.3 0 42.8 3
1256 takagi 169.3 1 73.3 59
1258 kaneko 176 1 52.6 13
1259 yamanaka 153.2 0 46.7 3
1260 matsumoto 166.6 1 57.4 48
1263 ootuka 174.5 1 51.7 74
1265 chiba 147.1 1 40.4 33
1266 nakano 161.5 0 60.9 81
1268 simada 172.4 1 71 54
1269 oota 174.2 0 75.2 71
1272 murata 164.4 0 55.2 42
1276 taniguchi 143.1 1 70.6 61
1277 sugiyama 146.2 1 74 70
1278 murata 158 0 48.5 12
1279 nakata 147.5 1 69.4 4
1281 hashimoto 176 1 59.8 84
1283 ootuka 170.7 0 62.5 87
1285 hara 148.1 1 75.9 78
1287 fujiwara 170.6 0 49.8 69
1290 kimura 147.8 0 71.6 28
1293 wada 153.1 0 73.6 93
1294 murata 156.1 1 54.8 37
1296 hamada 163.3 0 63.2 8
1297 nakagawa 179.6 1 52 55
1298 takada 163.7 0 50.1 76
1299 takagi 140.3 0 49.3 82
1303 kouno 167.2 1 47.4 70
1305 asano 171.8 1 59 34
1306 shimizu 178 1 71.3 13
1309 ishida 172.8 1 42.2 85
1311 yamanaka 150.1 1 76.3 26
1312 nakagawa 162.9 1 73.5 79
1315 baba 166.4 0 47.7 95
1316 yoshioka 140.2 0 48.6 7
1317 saitou 141.5 1 65.2 43
1318 imai 174.7 0 63.9 13
1321 shimizu 167.1 1 65.8 53
1322 takada 167.4 1 77.5 35
1323 miyamoto 154 1 71.3 67
1325 morita 171.2 0 71.1 4
1327 ishii 164.2 1 62.6 94
1329 noguchi 179.8 0 43.9 32
1333 hayashi 169.5 0 75.3 66
1336 ueda 157.4 0 74.6 1
1337 honda 153.8 1 65.6 55
1339 ootuka 149.9 1 45.9 78
1341 kubo 158.6 0 63.8 88
1342 nishida 170.2 0 51.9 70
1344 seki 146.3 0 40.9 83
1348 takeuchi 141.5 0 64.6 34
1349 ookubo 150.2 1 41.3 77
1351 mori 141.5 1 43.9 11
1354 sano 147.2 1 48.3 41
1355 hara 178.7 1 72.5 17
1358 yamaguchi 156.2 0 77.8 38
1360 hujita 164.7 1 64.1 80
1362 tamura 147.9 1 72.2 27
1365 yamanaka 153.2 0 66.6 10
1366 miyamoto 175.9 1 69.6 29
1367 hattori 158.9 0 67.9 52
1368 ootuka 164 0 53.8 10
1369 miura 159.6 1 59.1 17
1371 tuji 172.2 1 67.9 24
1373 takada 167.6 1 69.7 7
1376 hara 145.7 1 61.5 80
1380 nakata 153.8 1 63.8 51
1382 imai 178.1 0 78.5 36
1383 satou 165 1 69.8 27
1384 tanaka 166.1 0 64.6 52
1386 saitou 144.1 0 63.3 20
1387 endou 159.8 1 56.1 7
1388 fujii 159.3 0 63.7 58
1391 sugawara 141 0 60.7 39
1395 okada 166.3 0 45.3 2
1396 iwata 148.7 1 71.8 16
1399 chiba 142.6 1 43.9 23
1402 hayashi 151 1 74.7 20
1403 kimura 167 0 63.6 66
1405 iwasaki 167.1 0 58.8 49
1406 hasegawa 157.8 0 59.5 23
1407 kitamura 164.7 1 56.3 41
1408 okamoto 175 1 56.4 61
1409 nakata 174.8 1 76 1
1410 takeda 179.6 1 67.4 92
1412 iwata 143.5 0 48.9 58
1413 yamanaka 154.6 1 58.5 92
1423 asano 166.5 0 53.2 73
1425 takahashi 173.7 0 62.8 22
1426 kondou 154.4 1 61.8 96
1428 kudou 166.5 1 49.8 63
1429 tanaka 168.4 1 53.5 67
1431 yoshimura 154.3 1 51.1 54
1432 asano 164.6 1 79.2 97
1435 sugiyama 158.3 1 76.8 94
1437 miura 154 1 78 47
1439 shibata 161.9 1 60.8 44
1442 kobayashi 174.6 0 75.5 46
1445 fujimoto 165.8 0 43.3 52
1448 yamanaka 175.3 1 72.2 3
1455 yamanaka 149.3 1 74.3 99
1456 arai 174.7 0 68.4 68
1457 imai 160.6 0 62.7 16
1458 hattori 161.5 0 76.4 77
1459 nishida 145 1 40.5 66
1460 kubota 153.7 0 53.7 9
1463 yokoyama 164.6 1 61.5 35
1464 masuda 153.5 1 65.9 77
1467 fujii 170.6 1 53.7 57
1469 ueno 159.3 1 54.2 58
1470 masuda 171.1 0 67.8 92
1474 kobayashi 177.7 0 66.5 32
1478 takeda 142.5 1 53.5 9
1479 ikeda 170.7 0 76.1 60
1480 kikuti 141.6 0 61.4 28
1483 kaneko 177.7 1 62.7 73
1484 takagi 164.2 1 75.4 85
1485 igarashi 150.2 0 70.2 40
1488 asano 169.1 1 41.4 74
1490 ono 174.2 1 77 29
1491 komatsu 150.1 0 54.3 33
1493 honda 145.5 1 52.9 38
1494 kawakami 174.1 0 65.1 53
1500 kawakami 160.1 0 59.9 65
1502 endou 175.9 1 54.7 80
1504 yamashita 158.5 1 78 37
1505 hayashi 166.1 0 63.4 3
1507 matsumoto 141.1 0 74.4 3
1512 gotou 167.4 0 74.1 44
1514 itikawa 150.5 1 67.9 39
1516 hamada 146.5 1 79 13
1518 miura 147.2 0 73.8 71
1520 sugawara 149.4 0 46.1 51
1521 nakano 167.3 0 78.4 10
1523 fujii 154.7 1 52.5 3
1527 iwasaki 161.8 0 59.5 76
1528 taguchi 150.3 1 73.5 92
1529 nakagawa 154.2 0 68.5 92
1530 yoshimura 161.6 1 52.2 68
1532 morimoto 150.5 1 57 67
1533 fujimoto 168.9 1 49 93
1534 kitamura 174 1 78.4 26
1539 shibata 150.8 1 72.4 66
1540 maeda 175 1 72.6 71
1542 yasuda 150.9 0 49.1 82
1546 kubota 168.9 1 76.8 5
1547 gotou 142.5 0 60.2 92
1548 nakamura 167.7 0 58 41
1549 azuma 161.3 0 42.4 93
1555 ishihara 162.5 0 64.4 6
1556 sakamoto 171.3 1 47.6 33
1557 watabe 158.7 1 71.1 78
1562 fujiwara 150.6 0 53.9 11
1563 nakata 143.3 1 73.5 15
1564 tuji 156.7 1 74.4 44
1565 iida 167.8 1 52.7 6
1569 iida 141.9 0 66.1 25
1570 wada 164.5 1 53.4 90
1573 iida 149 0 45.6 32
1577 nakamura 174.6 0 69 62
1579 honda 175.2 0 79.9 26
1584 ishihara 144.5 0 73.4 67
1585 fukushima 158.9 0 67.2 78
1587 kobayashi 169.4 1 47 70
1588 oonishi 161.5 1 43.6 35
1589 itikawa 148.8 0 41.8 46
1591 yano 175.9 1 70 53
1592 tuji 165.4 0 52 80
1593 sakai 142.6 0 65.5 75
1595 kikuti 165.5 0 75.6 9
1596 sugiyama 171.2 0 58.2 91
1597 murakami 144.9 1 67.6 8
1598 matsumoto 160.3 0 46.5 75
1600 ogawa 179.9 1 51.3 82
1604 takeda 172.9 1 56.3 64
1606 ishii 166.1 0 59.6 45
1607 takagi 159.7 1 68.9 58
1608 sakai 156.8 1 77 88
1610 nomura 177 1 58.5 38
1611 yasuda 165.6 0 79.1 8
1615 uchida 148.5 1 78.7 55
1617 hujita 176.5 0 56.7 60
1618 komatsu 153.9 1 52.9 35
1621 ono 148.7 0 66.4 15
1623 sano 164.7 1 61.8 30
1625 kubo 169.5 1 74.9 82
1626 kikuchi 179.7 0 46.8 77
1629 ueda 173.6 0 41.6 56
1630 mizuno 150.7 0 40.8 26
1632 ootuka 161.3 0 68.3 69
1637 mori 143.6 0 48.4 64
1639 watanabe 178.7 1 41.5 45
1644 yamashita 163.2 1 42.4 14
1645 ono 169.1 1 41 0
1647 fujii 166.7 0 40.5 55
1650 takagi 155.9 1 43.1 75
1654 matuda 144.7 0 61.3 19
1658 igarashi 145.6 0 65.6 25
1661 honda 171.4 0 56.8 26
1664 tamura 142.8 1 40 39
1665 takeuchi 178.7 0 70.3 53
1667 sano 141.5 0 51.1 84
1670 murakami 173.9 1 64.6 49
1672 hirano 160.6 0 77.7 85
1676 komatsu 151.6 1 65.2 70
1677 sakamoto 178.4 1 56.3 75
1678 harada 145.7 1 51.3 63
1680 hara 144.7 1 46.2 85
1681 nishida 149.8 0 49.6 76
1682 watanabe 174.9 0 61.7 51
1684 yoshida 147.9 1 72.8 47
1685 nomura 142.3 0 63.7 62
1686 seki 174.5 0 54.1 45
1688 oono 169.4 1 40.3 46
1690 kubo 153.1 1 49.8 84
1691 akiyama 176.5 0 60.3 99
1700 sugawara 144.3 0 57.2 75
1701 nomura 158.9 1 73.9 67
1702 nishida 145.6 0 43.5 62
1706 hujita 142.7 1 75.5 35
1707 itou 148.3 1 68.9 81
1709 yokoyama 164.9 1 66.1 82
1710 sasaki 145.4 0 50.6 46
1713 fukuda 170 0 56.4 61
1714 gotou 173.2 0 45.7 42
1715 komatsu 149 0 72.9 13
1717 maeda 178.4 1 55.4 48
1719 matsui 178.2 1 67.3 68
1722 ueno 157.3 0 79.7 45
1724 nakata 160.4 0 63.4 11
1725 abe 166.8 0 47.8 45
1727 itou 174.5 0 47.3 32
1728 shibata 172.9 0 72.8 82
1729 akiyama 178.7 1 76.3 28
1731 morita 158.6 1 61.9 97
1733 taguchi 174.3 1 78.1 34
1736 tanaka 151.6 1 63.9 6
1740 hujita 165.6 1 66.1 92
1741 wada 142.4 1 64.4 54
1743 saitou 165.6 1 52.7 91
1744 tuji 152.2 0 43.4 37
1746 tuchiya 147.9 1 41.5 31
1748 miyamoto 156.6 1 74.7 14
1750 kikuti 163.2 0 61.4 94
1752 saitou 176.9 0 58.7 76
1753 saitou 155.1 0 60.8 30
1754 ishihara 172.6 1 77 79
1758 yoshioka 173.9 1 44.3 91
1759 yamazaki 160.9 0 42.8 61
1760 higuchi 146.4 1 60.2 44
1761 saitou 176.4 1 71.7 94
1763 hujita 149.6 0 53.1 4
1769 nakata 172.2 0 65.1 63
1770 aoki 165.7 0 49.4 95
1771 abe 142.5 0 54.1 69
1772 sakurai 164 0 58.6 10
1773 okada 149.8 1 57.7 2
1774 yamanaka 145.9 0 69.4 6
1776 ishida 150.3 0 60.5 47
1777 ono 147.2 1 58.1 48
1779 kubota 167.3 0 76.9 33
1780 matsui 164 1 71.8 23
1782 morimoto 143.1 1 48 7
1786 saitou 171 0 41.2 9
1788 watabe 163.1 0 65.4 30
1791 kondou 171.8 1 62.9 89
1793 morimoto 164.2 1 48.6 94
1794 kudou 145.5 0 40.9 68
1795 hirano 173.8 1 62.7 49
1798 morita 140.3 1 51 79
1799 watanabe 145.8 1 42.6 0
1800 sakamoto 153.9 0 48.2 5
1801 tanaka 142.5 0 59.1 25
1802 taniguchi 168.7 1 70.1 14
1803 katou 159.8 1 49.7 80
1804 takada 141.2 1 78 48
1805 morita 158.1 0 46.4 33
1806 gotou 144.2 0 61 82
1807 yamamoto 172.2 0 46.3 1
1808 aoki 155.3 0 78.6 8
1809 ishikawa 156.1 1 45.5 35
1810 iida 175.9 1 47.9 55
1818 watanabe 146.9 0 67.6 74
1820 kikuti 141.1 1 70.4 8
1821 yamada 159.4 1 57.3 96
1823 matuo 156.6 0 53.6 15
1824 ono 165.1 1 40.9 34
1825 kawakami 143.8 1 70.1 21
1826 sakurai 153.5 1 62.1 0
1827 takada 160 1 51.8 16
1828 murata 155.9 1 42.9 8
1829 oonishi 178.5 1 50.6 59
1834 hoshino 144.7 1 76.6 99
1837 takada 166.6 0 73.7 0
1840 ueda 151.1 1 67.3 19
1841 kitamura 153.2 1 68.4 48
1848 iida 143.3 1 49.1 3
1852 satou 171.1 1 64.7 69
1853 higuchi 143.2 0 41.1 61
1856 nakamura 176.4 1 71.8 99
1857 murakami 141.3 1 66.6 83
1859 shibata 155.5 0 73 4
1860 inoue 154.9 0 51.8 78
1861 hattori 168 1 63.4 36
1862 kubota 163.2 1 51.3 34
1863 hirata 146.2 0 64.6 15
1864 satou 169.9 1 43.7 1
1866 miyazaki 158.8 1 72.4 37
1869 chiba 146 1 55.8 30
1870 masuda 148.1 1 64.7 61
1872 furukawa 166.2 0 52 69
1874 kondou 142.5 1 54 50
1876 imai 168.6 1 57.4 92
1877 katou 172.5 1 41 0
1878 nakajima 175.8 0 58.3 80
1879 kikuchi 145.4 1 42 51
1880 morita 151.7 1 48.8 78
1883 yano 178.6 1 46 32
1885 hirano 158.7 0 61.7 26
1886 hujita 140.7 0 41.7 92
1887 yoshioka 166.8 0 70.2 20
1888 matsui 164.7 1 43.1 51
1890 yamanaka 165.1 0 77.7 77
1891 komatsu 154.5 1 40.2 88
1894 kimura 174.9 1 45.3 73
1895 matsuoka 148.2 1 51.9 54
1898 fujiwara 168.9 0 66.2 72
1899 sugiyama 168.6 0 44.4 27
1901 ootuka 149.6 1 71.9 71
1902 uchida 160 0 71.9 95
1903 sano 152.2 1 47.1 52
1904 hirata 158.4 0 76.9 56
1905 ogawa 171.1 1 45.1 62
1906 ikeda 152.1 0 60 72
1907 taniguchi 176.6 1 65.6 85
1908 inoue 166.4 0 76.2 96
1910 nisimura 168.8 1 56.5 47
1912 noguchi 167 0 64.1 95
1913 azuma 151 0 65.9 74
1914 nakajima 150.8 1 69.4 34
1915 baba 165.8 0 56.4 86
1917 yamazaki 163.2 1 62.9 15
1920 imai 161.2 1 48.1 47
1921 abe 179.6 0 68.3 62
1922 kobayashi 153 1 46.7 13
1925 itou 173.7 0 71.9 78
1926 uchida 143 1 61.6 77
1930 okamoto 167.4 1 41.6 13
1932 miura 150.9 1 40.6 80
1935 chiba 174.1 1 66.1 32
1936 taniguchi 179 0 41.3 68
1937 fukushima 177.3 1 67.6 41
1941 ishii 164.7 1 61.9 67
1943 tamura 146.2 1 71.6 67
1947 kaneko 161.4 1 43.2 77
1948 yamaguchi 153.2 1 57.7 87
1949 igarashi 161.9 1 64.3 40
1950 harada 165.5 0 75.3 69
1951 ishida 160 0 41 89
1955 fujiwara 162.5 0 69.4 89
1956 ishii 143.6 1 65.4 35
1957 miura 144.5 0 63.9 18
1959 sakamoto 173.2 0 69.1 81
1960 kubo 144.5 1 66.5 64
1961 oyama 140 0 55 58
1964 baba 161.2 1 55.2 17
1965 noguchi 156.6 0 55.4 23
1966 tuji 174.5 1 46.5 73
1967 okada 147.9 1 67.6 96
1968 hoshino 158.9 1 48 80
1970 kawaguchi 169.9 1 50.1 69
1971 takada 162.8 1 68.4 79
1972 hashimoto 158.8 1 58.8 99
1975 kudou 145.4 1 55.8 10
1977 hujita 158.2 1 51 59
1978 yano 167.3 0 43.2 29
1980 imai 142.8 0 46.3 73
1981 hara 147.8 0 56.4 63
1982 uchida 174.8 1 51 81
1984 mori 163.1 0 48.9 47
1985 yano 169.7 1 52.6 57
1986 takada 149 1 69.5 99
1987 yoshikawa 143.6 1 55.1 36
1991 saitou 161.1 0 46.9 34
1992 seki 152.2 1 54.9 29
1995 yoshida 158.3 1 66.5 15
1997 oota 169.3 0 47.8 23
1998 azuma 175.3 0 74.3 88
2000 kondou 175 0 73.8 77
2002 sugawara 144.3 1 47.4 87
2004 nakagawa 159.2 0 42.9 56
2005 akiyama 175.8 0 79 44
2006 kawaguchi 167.8 0 70.6 40
2007 takeuchi 166.6 1 66.6 65
2008 yasuda 156.3 1 52.3 17
2010 sasaki 165.4 0 79 88
2012 ishii 155.7 0 47.1 82
2013 ueno 177.2 1 67.3 42
2016 yamanaka 146.7 0 79.8 82
2018 ishihara 155.4 1 75.9 25
2022 yamanaka 149.5 0 45.4 61
2027 uchida 177.7 0 63.8 65
2029 fukushima 170.1 1 59.8 14
2030 miyazaki 148.2 1 58.4 62
2031 yamamoto 159 1 72.3 49
2036 morita 162.5 1 73.8 52
2037 matuo 151.4 0 47.2 24
2038 takeuchi 174.5 1 58.9 2
2041 matuo 172.1 0 42.9 1
2042 saitou 158 0 75.8 12
2048 matuda 159.5 1 79.5 63
2051 hamada 156.7 0 46.9 31
2053 sakai 179.1 0 77.6 79
2056 nagai 169.4 0 51.9 99
2059 suzuki 142.3 1 42.3 83
2062 maruyama 175.4 0 58.1 86
2064 maruyama 142.3 1 61.2 14
2067 nakamura 149.5 1 51.3 94
2074 takagi 162.7 0 56.4 51
2075 noguchi 142.8 1 75.7 81
2076 miyamoto 159.4 1 48.8 30
2078 matsui 173.7 0 68.1 14
2080 miyazaki 145.7 0 71.5 66
2085 okamoto 157.9 1 41 29
2086 kinoshita 161.8 1 50.1 56
2089 tanaka 152.7 0 60.9 84
2095 kubo 169.7 1 63.2 42
2097 hirata 165.9 1 62.3 3
2098 kitamura 163.2 1 54.2 23
2102 mori 142.5 1 62.1 61
2103 yamashita 176.9 1 79 87
2104 mori 166.8 1 59.4 44
2107 oyama 151 0 68.9 24
2108 uchida 148.5 0 77.4 83
2109 igarashi 140.5 0 53.2 57
2110 chiba 140.9 1 59.1 54
2111 nagai 162.2 1 47.1 4
2112 yamauchi 148.2 0 58.1 25
2113 ueno 147.8 1 40.5 85
2114 kawakami 174.2 0 58.6 59
2115 miyamoto 151.5 1 51.1 87
2121 miyazaki 165.8 0 73.2 26
2122 iwasaki 149.9 0 52 54
2125 baba 161.8 1 45.3 63
2126 matsuoka 151.9 0 52.6 50
2129 higuchi 141.2 0 78.5 28
2131 ootuka 154 0 47 87
2132 matuo 165.2 1 64.3 40
2133 kojima 172.2 0 65.1 76
2137 nishida 162.2 1 78.9 64
2138 miyamoto 178.7 0 40.5 10
2140 takada 140.7 0 78.2 37
2144 maeda 148.9 1 57.7 2
2145 yamaguchi 145.8 1 59.1 99
2148 nagai 172.2 1 70 65
2151 iwasaki 154.6 0 41.3 43
2152 takahashi 178.7 0 79.5 8
2157 ishii 140.1 0 40.7 40
2160 arai 148 0 67.8 89
2162 tamura 152.8 0 63.8 96
2163 sugawara 158.3 0 58 66
2164 sasaki 147.8 0 51.4 64
2165 takada 141.3 1 67.8 54
2166 fujimoto 171.5 1 53.3 75
2168 hashimoto 174.5 0 50.6 76
2170 kubota 167.2 0 54.1 7
2174 shibata 162.1 0 73.4 93
2176 fukuda 171.7 1 63.7 3
2178 chiba 177.1 0 60.6 19
2184 matsui 144.5 0 75.5 28
2185 murata 169 1 68.6 92
2186 takano 149.8 1 56.3 13
2189 arai 155.3 0 48.8 55
2190 ishida 157.6 1 48.3 67
2191 watabe 159.7 1 60.4 82
2192 kawaguchi 177.4 1 44.4 26
2193 oota 151.6 0 61.2 91
2194 ikeda 173 1 78.8 83
2195 kubo 146.2 1 75.5 16
2197 harada 155.8 1 55.2 5
2198 takeda 170.8 0 51 39
2200 taniguchi 169.9 0 58.2 4
2201 inoue 175.5 0 43 23
2202 yano 153.6 0 78.3 5
2206 maeda 158 0 72.7 40
2207 okada 146 0 76.2 28
2208 noguchi 146.1 1 45.1 89
2211 fujiwara 165.9 0 78.1 89
2213 watabe 178.4 0 76 56
2214 tuchiya 162.4 0 42.4 23
2217 sano 164.6 1 61.5 74
2218 yamamoto 158.1 0 54.2 47
2219 kudou 172.3 1 58.7 35
2222 nakano 179.8 0 59 66
2224 kouno 176.6 1 45 14
2225 hayashi 175.8 0 60.7 10
2226 ikeda 161.1 1 70.5 8
2227 ookubo 159.7 1 53.3 95
2229 ueda 172.2 0 46.6 86
2231 yoshimura 179.1 0 54.7 77
2234 uchida 155.6 0 43.8 20
2235 ishii 155.6 1 41 74
2238 ishii 160.8 0 66.7 93
2239 tamura 148.7 0 72.8 19
2240 ookubo 153 1 48.7 56
2245 nakanishi 160.6 0 59.2 94
2246 hashimoto 162.1 0 67.4 28
2247 masuda 148.8 0 44.4 51
2248 tanaka 141.7 0 73.6 12
2250 yoshida 155.1 1 75.9 9
2251 honda 141.5 0 65.2 38
2253 hasegawa 149.5 1 52.5 82
2261 kimura 145.7 1 60.8 95
2262 asano 166.4 0 46.6 18
2264 chiba 178.9 1 71.5 56
2265 tuchiya 156.9 1 74.5 5
2266 tamura 143.1 1 75.6 67
2267 andou 142.2 0 76.4 21
2271 nakata 178 1 71.6 59
2272 taniguchi 175.6 1 56.1 52
2273 murakami 162 0 68.5 11
2278 hasegawa 172.7 1 44 20
2280 iwasaki 149.9 1 56.1 67
2281 matsumoto 163.1 1 52.5 22
2282 fujiwara 176.9 0 65.9 26
2283 kitamura 166.2 1 64 63
2285 nakano 152.9 1 77.7 65
2286 kikuti 164.8 1 52.9 34
2291 hara 157.2 0 54.7 68
2295 yamashita 178.4 0 65.3 81
2296 kawakami 159 1 57.1 69
2297 sugawara 173.6 0 72.4 45
2298 andou 170.9 0 76.6 26
2299 kikuti 151.2 0 77.7 8
2300 matsuoka 173 0 40.1 38
2301 matsuoka 166 1 55.7 67
2302 watanabe 171.5 0 79.3 25
2303 kinoshita 164 1 49.9 89
2305 kinoshita 177 1 64.5 8
2306 yamada 155.6 0 55.1 35
2308 hirata 158.6 1 53.8 49
2310 okada 174.5 0 43.9 25
2311 takano 140.3 1 73.1 87
2314 kubo 151.8 0 66.3 15
2315 saitou 179.3 1 43.6 67
2316 andou 174.1 1 57.9 11
2317 iida 170.5 0 79.8 11
2319 yano 144.3 0 44.9 52
2321 fujimoto 144.3 1 40.5 36
2322 endou 142.3 0 43.3 88
2323 iwata 177.5 1 55.2 52
2327 yasuda 176.5 0 49.1 44
2328 oyama 140.1 1 50.9 32
2330 nishikawa 142.1 0 69.4 29
2335 yoshioka 156.4 1 79.7 7
2336 maruyama 148.6 1 50.2 64
2338 ogawa 144.6 0 46.4 58
2339 takada 153.5 1 43.7 95
2340 saitou 147.7 0 73.9 53
2342 ueno 163.9 0 72.9 76
2343 nakajima 153.9 0 50.8 62
2345 yamanaka 155.7 0 49.6 78
2346 matsuoka 151.2 0 42.3 43
2348 nomura 140.6 1 48.9 36
2349 kawakami 164.5 0 65.6 88
2350 matsushita 140.1 1 72.3 16
2351 nishida 160.3 1 56.9 69
2354 ishii 141.4 0 52 35
2355 takahashi 142.6 1 62 66
2356 komatsu 161.3 0 75.9 96
2357 kobayashi 156 0 65.7 8
2358 oono 158.7 0 49.3 61
2359 hashimoto 179.6 0 60.1 8
2360 nakanishi 178.6 0 40.6 93
2361 kojima 169.6 0 58.5 31
2362 sugawara 151 0 61.6 55
2364 nisimura 147 0 77.7 5
2369 endou 171 1 51 52
2370 hashimoto 156.9 1 57.8 34
2372 sugawara 157.4 0 71.7 28
2376 masuda 163.4 0 54.9 56
2378 imai 167.9 1 55.1 17
2380 suzuki 177.3 1 51.7 54
2381 kaneko 149.8 0 44.5 13
2383 hirata 152.8 1 64.3 11
2384 sano 150.9 0 51.3 84
2386 harada 143.2 1 64.3 69
2389 igarashi 170.3 1 46.8 68
2393 yamada 176.2 1 70 14
2398 nishida 175.2 1 65.7 9
2399 kojima 174.4 0 58.8 80
2400 yamauchi 174.5 1 46.6 55
2403 ookubo 177 0 47.8 27
2404 kojima 172.9 0 71 69
2407 kikuti 163.2 0 72.1 2
2408 kobayashi 155.2 0 54.8 41
2410 suzuki 157.3 0 74.6 62
2411 yamada 153.3 1 77.8 64
2412 iwata 174.3 0 51.9 43
2413 oono 158.2 1 54.8 17
2414 hasegawa 175 1 74.7 24
2416 imai 170 0 63 28
2422 takano 162.9 1 59.4 56
2423 kinoshita 159.6 0 58.9 40
2426 ogawa 170.3 0 43.3 14
2427 matsuoka 172 0 78.8 84
2430 kudou 176.3 0 69.6 24
2432 nishida 179.5 1 77.6 30
2434 higuchi 153 1 74.9 97
2436 kawakami 161.5 1 57.9 17
2439 hasegawa 165.5 1 50.2 42
2441 ueno 162.2 0 69.8 75
2442 itikawa 159 1 75.8 65
2445 maeda 152.2 0 54.4 73
2446 matsui 179.4 1 58.9 58
2448 takano 173.7 1 63.5 39
2451 hamada 148 0 47 34
2454 satou 164.4 0 61.1 0
2455 baba 149.1 0 78.2 68
2456 nakajima 171.8 1 62.7 70
2458 nishida 153.5 0 57.2 60
2459 takada 169.9 1 72 73
2460 nishida 158.2 1 78.3 32
2461 nakata 170.1 0 48.9 77
2464 hamada 151.9 0 61.5 9
2465 nomura 165.9 1 45.6 52
2466 kawaguchi 169.7 1 42.6 79
2468 ueno 157.2 0 64.8 13
2469 kondou 148.5 0 67.3 48
2471 hoshino 163.2 1 75.5 39
2472 seki 146.3 0 75.7 40
2473 ishihara 163.1 0 55.6 69
2474 katou 169 1 42.3 91
2476 murakami 167.3 1 63.9 75
2477 oono 144.7 0 69.4 78
2479 nisimura 166.6 1 79.4 80
2480 takahashi 149.4 1 76.8 31
2482 kawasaki 155 0 51.1 1
2484 mori 150.3 1 50.2 93
2487 nisimura 167.8 0 58 5
2496 shimizu 177.8 0 50.7 14
2497 hamada 144.6 0 74.9 42
2500 abe 153 1 55.6 92
2501 yamaguchi 178.9 0 40.4 63
2502 yamashita 150.6 1 63.2 41
2506 oohashi 169.1 1 68.9 23
2507 tamura 165.7 1 72.8 72
2508 baba 158.7 1 47.9 71
2509 hara 150.4 0 41.7 98
2510 nakagawa 142.2 1 47.1 83
2513 itikawa 154.5 0 43.1 30
2514 takahashi 172.9 1 44.4 69
2519 kitamura 158.8 1 74.7 30
2523 taguchi 160.4 0 47.3 99
2525 nishida 150.2 0 66.5 9
2526 taniguchi 174 0 78.7 62
2527 matsushita 172.1 0 56.2 8
2528 arai 159.5 0 55.9 96
2530 kojima 174.4 0 76.2 63
2532 tamura 170.9 1 49.8 22
2533 ishikawa 151.5 1 41.3 63
2534 nomura 168.8 1 47.5 74
2535 nisimura 142.8 1 50.2 21
2536 shibata 145.3 1 64.2 5
2537 wada 173.1 0 74.9 27
2539 ishii 152.1 1 45.5 73
2543 nakano 160.8 1 53 63
2547 oohashi 174.9 0 75.2 26
2548 takagi 161.5 0 64 96
2549 yamamoto 164.9 1 70.1 85
2551 yoshikawa 156.9 0 73.5 62
2553 nakano 142.2 0 46.7 22
2554 hirano 148.7 1 61.4 64
2555 nakanishi 166.6 0 75.4 38
2556 matuda 145.7 0 52.9 11
2558 iwasaki 156.9 1 40.1 4
2561 baba 168.5 0 70.4 76
2562 okada 169.7 1 70.9 69
2564 komatsu 141.9 0 65.1 34
2565 shibata 154 0 72.4 54
2568 nishida 176.4 1 72.8 91
2571 kikuti 167.8 0 60.3 47
2572 ueda 146.6 0 47.3 68
2574 yano 143.4 0 72.3 27
2575 taguchi 142.7 1 48.3 71
2577 maeda 148.2 0 42.6 48
2580 yamazaki 153 0 79.4 83
2581 watabe 155.7 1 50.5 51
2582 watanabe 153.3 1 73.1 74
2588 noguchi 156.2 0 75.5 56
2590 tamura 174.4 0 56.6 22
2591 gotou 165.3 1 68.5 71
2594 nakajima 165.4 1 54.3 58
2596 ishii 176.1 1 69.4 69
2597 nakata 153 1 69.9 45
2599 itikawa 149.7 1 66.2 0
2601 suzuki 156 0 52 68
2604 hashimoto 168 0 41.7 51
2605 tamura 155.9 0 72.7 58
2606 inoue 177.5 0 71.2 21
2607 takagi 155.5 0 66.8 1
2618 ishihara 147.7 0 64 34
2620 andou 169.5 0 66.4 37
2625 takano 174.1 1 70.5 17
2630 azuma 159.9 1 57.6 62
2631 yoshikawa 167.6 1 68 86
2632 tuchiya 163.6 0 49.3 35
2634 fujii 142 0 46.6 16
2635 okamoto 149.2 0 67.2 20
2637 nakanishi 173.9 1 42.1 73
2639 nishida 164.6 0 59.4 96
2641 nishida 149 1 46.6 68
2642 kawaguchi 167.4 0 40 49
2643 tuchiya 166.6 1 60.5 60
2644 fujiwara 168.4 1 48.2 52
2646 takano 161.6 0 42.1 42
2647 watanabe 143.3 0 66.4 3
2648 kikuchi 174.9 1 51.3 14
2649 mizuno 176.4 0 65.6 5
2651 okada 160.6 0 46.4 55
2654 mori 143.7 1 64.4 97
2656 okada 169.4 1 57.9 78
2661 kikuti 149.3 1 57.8 30
2662 akiyama 143.6 1 47.1 47
2663 takano 146.6 1 56.7 68
2664 chiba 149.7 1 55.1 70
2665 kaneko 174 0 59.3 92
2666 kubo 147.9 0 73 17
2668 simada 170.3 1 46.1 18
2670 kaneko 156.8 0 64.7 54
2673 morita 162.5 1 46 50
2675 yokoyama 146.9 1 73 68
2676 matsuoka 173.9 1 73.1 62
2678 kudou 166 1 57 51
2679 ikeda 143.4 1 72.2 0
2680 takada 155.1 1 61.7 41
2683 shibata 163.7 1 42.3 46
2684 nisimura 167.4 1 65.3 96
2686 matsushita 172.3 1 41.3 28
2689 nishida 144.2 1 54.9 65
2692 andou 173.7 1 74.8 55
2693 fukuda 179.2 1 68.9 58
2694 wada 140.7 0 75.9 85
2698 noguchi 164.6 0 68.8 50
2699 ueda 164.4 1 71.9 24
2701 yoshikawa 142.4 0 54.9 78
2702 fujii 145.2 0 74.3 70
2704 fujii 163.8 1 47.3 98
2705 takada 174.3 1 75.2 22
2708 matsumoto 144.9 0 46.2 59
2709 azuma 172.5 1 77.6 94
2710 matsuoka 173.1 1 41.8 37
2712 tuchiya 176.4 1 46.4 27
2716 sakamoto 169.2 0 48.3 85
2717 sano 178.3 1 60.6 57
2718 kobayashi 158.2 1 62.8 86
2719 yamauchi 157.9 0 46.1 75
2721 matuda 146.3 0 60.1 58
2722 kinoshita 147 1 68.8 97
2723 igarashi 171.8 1 57 44
2725 nakanishi 162.6 0 65.6 95
2726 yoshimura 143.5 1 54.7 35
2727 ikeda 156.2 1 67.8 81
2731 imai 154.7 0 40.1 53
2737 satou 151.5 0 60.8 14
2738 harada 157 1 48.5 85
2741 inoue 158.3 1 61.1 63
2742 fujii 140.3 1 60 82
2745 hujita 149.5 0 66.7 35
2747 nakata 140.3 1 77 58
2748 taguchi 165.6 0 79.1 69
2752 iida 168.7 0 50.2 65
2753 matsushita 171 0 47.4 36
2755 kondou 156.4 0 57.1 4
2757 suzuki 152.8 1 76.2 73
2762 yoshida 164.6 0 49 98
2764 tuchiya 148.7 1 63 6
2768 oono 175.2 1 71.8 67
2769 baba 142.7 0 51.3 91
2770 yamashita 140.5 1 67.5 77
2774 kinoshita 156.6 0 55.8 53
2777 yamaguchi 150.7 1 59.3 74
2781 yamazaki 145.5 1 55.5 68
2782 fukuda 140.8 0 60.6 2
2784 iwata 166.2 0 40.7 44
2785 aoki 140.9 1 58.1 31
2786 itou 158.6 0 59.7 34
2787 itou 142.5 1 76.9 8
2788 maruyama 160.6 1 55.9 55
2790 hoshino 159.7 0 63.9 37
2792 arai 152 1 57 57
2794 nakamura 154.8 1 77.9 60
2796 furukawa 166.4 1 52 96
2799 nakagawa 155.7 0 56 5
2800 hattori 142.4 1 74.6 10
2802 hujita 166.3 1 55.6 98
2803 fujiwara 165 0 57.7 89
2808 imai 155.3 0 48.7 88
2809 nakata 151.7 0 64.6 54
2810 tanaka 142.2 1 68.2 5
2811 kimura 168.7 0 71 49
2819 kimura 179.2 1 68.5 68
2823 hirano 159.1 1 52.9 93
2824 kobayashi 148 0 59.2 91
2828 nakagawa 159.9 1 73.3 40
2830 kawaguchi 160.6 0 66.5 55
2831 furukawa 173.8 1 62.7 43
2832 takahashi 160.8 1 72.7 68
2840 nakanishi 152.9 0 44.1 78
2841 maruyama 161.5 1 45.3 47
2845 abe 177.2 0 79.5 6
2846 takeuchi 172.8 0 61.8 44
2847 morita 175.7 0 58.7 41
2850 mori 156.9 1 59.7 37
2851 kaneko 143.5 0 75.5 65
2855 murata 146.6 0 40.6 51
2856 nagai 164.6 1 43.2 69
2857 sakai 152 1 72.7 63
2859 ueda 179.4 0 72 73
2863 honda 152.5 1 43.1 19
2865 kikuti 161.6 1 46.4 79
2866 hamada 157.3 1 66 11
2867 kawakami 170.3 1 44.4 89
2875 hattori 154.6 0 76.3 72
2876 sugiyama 146.3 1 44.8 5
2877 kojima 150.9 1 69.1 32
2878 igarashi 177.1 1 49.1 18
2881 taguchi 167.4 0 51.7 12
2882 murakami 171.3 0 68.2 39
2884 suzuki 174.5 1 69.2 53
2885 hoshino 169.3 0 67.2 23
2886 inoue 166.4 0 43.6 97
2887 ikeda 162.2 0 67.4 20
2889 nishida 148.6 0 60.5 99
2890 uchida 149.9 0 79 95
2891 fujimoto 160.8 0 62 3
2892 tuji 179 1 53.7 27
2893 kaneko 163.2 1 50.1 72
2897 oono 169.9 0 71.2 10
2898 takahashi 141.1 0 52.7 5
2901 nakata 157.8 1 65.6 60
2913 wada 145.5 1 72.6 64
2916 yamada 162.9 1 61 4
2921 taniguchi 178.1 0 65.8 55
2926 kikuti 169.5 0 62.5 69
2927 kobayashi 160.7 0 46 46
2928 matsushita 167.4 1 42.5 65
2929 takano 168.8 0 43.3 18
2931 matsuoka 153.3 0 68.9 53
2932 takano 164.3 1 48.3 15
2934 gotou 150.9 0 51.7 75
2935 watanabe 152.2 0 44.8 50
2937 nakagawa 166.2 0 58.3 36
2938 ogawa 156.3 1 74 2
2942 suzuki 141.4 1 52.4 13
2944 ishihara 175 1 51.4 55
2945 matsushita 163.5 1 41.9 69
2946 okada 163.4 0 51 43
2947 matsumoto 178.2 0 74 67
2948 fujiwara 155.5 1 57.4 49
2953 andou 150.4 1 40 4
2956 takahashi 179.7 1 55.4 25
2957 yamamoto 174 1 77.3 33
2958 yano 174.8 0 63.7 21
2959 honda 172 1 42.2 60
2961 iwasaki 170 1 78.5 14
2963 kikuchi 163.8 0 74.8 69
2967 oono 169.6 1 78.9 57
2969 oonishi 145.2 1 61 16
2970 sugimoto 140.8 1 76.9 94
2971 katou 155.5 1 40.6 62
2972 nakata 166.6 0 70.3 69
2975 nakata 167.2 0 68.1 65
2980 kojima 176.2 1 64.3 74
2982 iida 141.7 1 74.9 4
2984 tuji 172.6 1 47.5 91
2986 andou 171.1 1 62.7 49
2987 matsui 145 0 53.4 45
2990 sakamoto 142.5 1 79.2 0
2991 watabe 179.5 0 67.9 42
2992 maeda 161.9 0 73.4 89
2993 nakano 148.2 0 72 80
2994 komatsu 173.9 0 64 3
2995 yamashita 174.9 1 44.1 55
2996 nakagawa 166.5 1 78.8 23
2997 matuda 142.6 0 67.3 35
2999 oyama 172.8 0 60.2 54
3000 ogawa 175.7 0 41.3 42
3001 imai 167.7 1 62.3 30
3002 yoshikawa 140.4 1 62.4 26
3003 matsushita 142.5 1 58.2 42
3005 aoki 174.3 0 57 34
3006 yamada 172.6 1 68.2 15
3010 itou 161.7 0 70.2 77
3011 miyazaki 167.8 1 57.4 31
3013 kitamura 153 1 73 95
3017 ishikawa 162.1 0 56.2 34
3018 takada 148.1 0 49.1 59
3019 nakano 170.2 0 74.8 14
3021 takagi 175.6 0 52 71
3022 uchida 153.2 1 41.8 89
3023 oota 162.4 1 61.6 55
3026 yamamoto 173.8 1 46.3 54
3028 gotou 146.5 1 69.7 62
3029 hayashi 164.2 1 40.2 74
3030 matsushita 174 0 73.3 91
3032 mizuno 146.3 1 58.8 7
3033 miyamoto 174.4 1 49.4 93
3036 hirano 176.8 1 77.2 62
3038 morimoto 170.3 1 40.9 52
3043 uchida 163.7 1 46.9 64
3044 asano 152.6 1 47.7 14
3045 miyamoto 151 0 49.1 49
3047 matsushita 176.5 0 73.6 68
3051 maeda 162.3 0 73.2 98
3054 sakamoto 156.3 0 50.5 94
3058 okada 171.7 0 69.5 64
3059 endou 177.9 1 51 88
3060 ishida 152.5 0 76.6 53
3063 miura 174 0 52.8 3
3068 nakata 179.8 1 45.9 79
3070 itou 144.9 0 71.5 41
3074 morimoto 154.2 1 53.5 46
3075 tuji 179.3 0 67.6 77
3077 matsumoto 165.4 0 45.1 75
3078 tuchiya 179.7 1 63.1 86
3080 nakajima 172.1 0 70.9 89
3082 simada 158.7 0 73 85
3083 oono 174.1 1 64.8 48
3084 taniguchi 176.2 0 43.9 7
3086 kaneko 160.2 0 56.8 44
3087 nakata 173.9 0 55.8 26
3088 hasegawa 160.2 0 60.8 7
3089 sakai 173.6 0 56.5 16
3091 abe 156.2 0 48.9 86
3093 kobayashi 179.8 0 46.8 16
3094 yoshimura 152.2 1 69 38
3095 honda 172.5 0 74.1 35
3100 kikuchi 169.5 0 69 0
3102 inoue 178.7 0 59 66
3103 kikuchi 140.8 1 60.3 43
3105 mori 146.5 1 78.8 33
3107 chiba 156.2 1 57.9 66
3111 yoshioka 175 0 46.7 94
3112 imai 153.6 0 57.9 40
3115 morimoto 153.4 1 58.9 69
3116 inoue 178.1 0 64.6 41
3117 miyazaki 159.7 0 62.4 30
3121 fujiwara 162.3 0 60.2 55
3122 kubo 159.3 0 72.5 48
3123 yamamoto 155.3 1 57.9 45
3125 nomura 141.4 0 57.8 42
3128 kubo 140 1 56.1 5
3129 takano 158.5 0 76.2 66
3130 itikawa 144.7 0 77.7 85
3131 aoki 152.6 1 74.8 52
3134 oono 165.1 0 65.1 15
3135 nakajima 154.6 0 59.8 48
3136 sakai 151.8 0 59.1 61
3137 komatsu 145.6 0 70.6 52
3141 morita 145 1 60.7 58
3142 simada 166.9 0 59.5 16
3143 takada 148.8 1 59.3 31
3146 yamauchi 166.8 0 53.8 13
3148 oyama 163.3 0 51.3 9
3150 matuda 175.1 1 51.5 60
3152 fujiwara 140.5 1 68.8 49
3154 hujita 155.5 1 49.2 21
3156 okamoto 169.8 1 75.1 38
3158 ueda 169.5 1 64.2 17
3160 suzuki 174.6 1 79.8 0
3162 taguchi 172.2 0 55.9 75
3163 yano 142.2 0 69.3 59
3165 satou 165 0 70.1 59
3168 taniguchi 147.3 0 67 24
3170 hirano 161 0 77.6 76
3172 kawasaki 162.1 1 64.9 61
3173 simada 155.8 0 65.4 6
3174 nishida 172.4 1 77.6 84
3177 matsushita 155.1 0 79.4 52
3179 nakanishi 154.4 0 43.9 35
3180 miyazaki 177.2 0 72.6 50
3183 kudou 170.9 0 51.9 65
3185 saitou 140.4 1 70.8 50
3186 kubota 146.8 0 44.6 22
3189 fujii 154.3 1 59.9 48
3191 saitou 169.2 0 44.1 95
3192 matsumoto 148.2 1 69.2 49
3193 kouno 167.1 0 60.5 37
3194 ookubo 148.6 0 52.2 68
3196 yano 166.7 1 56.8 29
3198 yamada 178 0 78.7 7
3200 iida 147.1 0 79.3 16
3204 matsuoka 168.3 0 60.5 48
3205 maeda 176.2 1 56 82
3207 noguchi 145.5 1 72.4 2
3209 sasaki 166.8 1 43.4 53
3210 ootuka 147.7 1 67 74
3213 noguchi 142.7 1 47.8 7
3214 matsumoto 151.5 0 68.4 67
3216 hashimoto 163.4 1 61.7 7
3217 ogawa 149 1 70.5 16
3218 hamada 169.2 0 60.9 74
3221 miura 172 1 56.7 42
3225 nomura 171 1 44.2 55
3227 sakai 171.4 0 78.6 73
3229 yoshida 157.9 1 53.1 31
3231 endou 156.2 0 72.2 41
3233 iwata 167.2 1 56.8 5
3234 harada 153.6 0 50.6 38
3237 yamada 156.3 1 65.9 43
3238 nisimura 166.9 1 68.4 90
3240 oota 165.6 0 70.1 46
3243 ishihara 144.9 1 70.6 30
3245 nakamura 176.9 1 64.1 17
3247 asano 174.1 1 78.8 39
3250 kudou 151 0 61.3 74
3251 taguchi 156 1 62.2 93
3254 hara 142.8 0 52.6 86
3257 yamanaka 146.6 0 53 64
3258 tuji 162 0 67 30
3259 kinoshita 162.3 0 53.6 45
3260 fukuda 175 0 79.3 41
3261 yamaguchi 179 0 74.7 26
3265 morimoto 160.3 0 46.7 88
3270 yamazaki 169.5 1 76.5 26
3274 andou 153.8 1 44.2 42
3279 saitou 166.9 1 46.4 12
3280 matsuoka 151.9 1 55.2 11
3282 satou 142.5 1 71.7 2
3283 mizuno 161 1 60.8 64
3285 inoue 170.8 0 70.5 54
3286 hirano 171.6 0 65.4 18
3287 tanaka 161 1 59.8 92
3288 yokoyama 159.4 1 69.3 0
3289 yoshida 167.6 1 77.1 89
3291 mizuno 153.3 1 79.2 32
3292 takada 161.4 0 61.9 22
3293 kinoshita 147.2 1 65 19
3294 yamauchi 162.1 1 45 16
3296 yano 166.4 1 40 28
3299 yoshida 149.9 0 52 87
3304 arai 170.4 1 47.7 49
3306 kubota 166.5 0 48.7 64
3307 yoshioka 167 0 69 9
3308 yamauchi 143.1 0 42.6 39
3309 kikuti 177 0 74.3 90
3310 arai 175.3 1 61 18
3316 mizuno 149.2 0 68 90
3317 higuchi 146.4 1 57 97
3320 sano 175.3 1 52 28
3323 gotou 172.5 1 69.3 32
3324 hoshino 145.3 1 62.2 16
3326 takada 147 1 40.3 6
3327 oota 169.2 1 50.6 10
3329 sugiyama 167.3 1 68.8 29
3330 nakata 164.6 1 78.9 63
3331 iida 157.1 1 61.6 8
3335 fujimoto 147 0 63.9 75
3336 kikuti 150.7 0 70.1 24
3340 sugiyama 156 0 46.1 38
3341 yamaguchi 145.7 0 70.9 88
3343 yamauchi 145.9 0 72.9 92
3349 takagi 146 0 62.7 84
3351 murata 156.8 1 58.6 71
3352 ueno 162.7 0 79.9 89
3353 takagi 162.5 0 52.2 59
3354 yoshida 158.5 1 52.8 12
3355 matuda 178.6 0 51 16
3356 furukawa 161.2 0 52.8 46
3358 sano 157.8 1 55.7 24
3359 takeda 143.5 0 67.4 86
3360 morita 177 0 67.4 13
3364 kikuchi 156.2 1 61.4 56
3367 chiba 175.7 0 77.1 77
3370 oonishi 172.1 0 51 99
3371 satou 144.3 1 62.1 51
3374 itikawa 176.8 1 73.9 94
3375 hirata 168.1 1 65.7 32
3376 morita 158.4 1 56.8 22
3378 ishihara 149.3 0 72.4 5
3379 hirata 159.5 0 77.6 49
3380 sano 157.8 0 43.3 10
3381 kawaguchi 164.4 1 63.3 20
3382 nakamura 157 1 60.2 58
3385 sugimoto 157.7 0 62.9 31
3386 saitou 175.8 0 55.2 67
3387 matsuoka 178.7 1 59.4 18
3388 nakanishi 159 1 78.5 69
3389 sugawara 172.8 1 56.1 19
3390 yamashita 164.7 1 56.4 63
3391 yamaguchi 153.9 0 79.6 95
3392 miyamoto 176.6 1 79.2 4
3396 imai 164.1 0 61.4 12
3397 nakamura 171.8 0 54 98
3400 sugawara 157.4 0 47.7 67
3401 yoshida 155.4 1 62.2 1
3402 noguchi 158 1 48.6 65
3404 nisimura 151.8 0 71.7 20
3409 hayashi 140.5 1 54.1 7
3412 kobayashi 141.4 1 78.8 97
3415 nomura 144.8 1 68.8 81
3416 asano 168.5 1 46.2 19
3418 kawaguchi 145.9 0 55.8 13
3420 nakamura 159.4 0 51.3 88
3424 maeda 167.4 0 53 78
3426 shibata 146.3 0 51 26
3431 matuo 140.3 0 63.2 27
3432 saitou 150.5 0 58 95
3434 saitou 168.4 1 54 52
3435 kudou 162.2 1 67.1 57
3436 ishihara 152.7 0 51.4 76
3437 ueno 169.2 1 63.3 26
3438 hirano 169.9 0 78.7 99
3439 noguchi 154.2 0 77 74
3442 hoshino 141.9 1 78.3 31
3443 kawaguchi 159.1 1 41.8 18
3444 murata 171.8 1 44.7 32
3447 kimura 173.3 1 79.9 97
3448 taniguchi 158.9 1 62.8 63
3449 mizuno 162.6 1 55 74
3450 kudou 150.6 1 49.5 65
3451 furukawa 170 1 68.6 99
3453 nishida 164.3 1 58.2 70
3454 fujii 166.4 1 73.5 46
3456 matsuoka 162.2 1 42.7 90
3457 morimoto 151 0 48 62
3460 yamada 151.8 0 47.5 75
3461 iwasaki 169.6 1 46.7 29
3462 itou 162.3 0 50.7 64
3464 matsuoka 177 1 68.4 51
3465 nishida 175.4 0 79.7 58
3466 shibata 169.2 0 66.2 81
3472 shibata 172.6 0 40.6 11
3477 yano 172.5 1 50.1 7
3479 nishikawa 166.7 1 70.1 15
3482 yano 157.2 1 72.3 59
3483 satou 142.7 1 48.6 86
3484 aoki 175.9 0 66.4 77
3485 kimura 156.8 1 72.9 37
3487 ueda 161.1 0 61 47
3491 matsui 144.1 0 70.6 14
3493 shibata 167.5 0 47.5 28
3494 kubo 153.6 0 46.9 33
3495 ishikawa 170 1 58.2 47
3496 okamoto 140.5 0 49.1 43
3498 morimoto 159.1 0 54.3 99
3500 ishihara 152.4 0 76.1 11
3501 tuchiya 143.6 0 48.9 52
3502 hayashi 168.4 0 65.3 67
3505 kaneko 147.3 0 45.4 6
3507 watanabe 170 0 67.7 67
3508 harada 171.4 0 56.4 99
3509 hujita 148.7 0 77.3 95
3511 oono 154.1 1 69.6 4
3514 yamanaka 173 0 76.8 77
3515 kudou 165.7 0 62.6 16
3517 nakajima 154 0 46 49
3520 itou 150.9 0 52.1 6
3521 yamazaki 156.9 0 72 52
3525 taguchi 159.6 1 60.8 19
3528 yamamoto 140.2 1 69.3 96
3533 takahashi 148.6 0 48 88
3534 nakanishi 173.7 1 74.9 34
3541 kikuchi 148.5 1 66.7 18
3543 miyazaki 146.9 1 45.2 44
3544 nishikawa 149.3 0 44 91
3545 hayashi 159.6 0 76.5 66
3549 kikuti 168.7 1 78.6 64
3550 furukawa 176.1 1 66.1 59
3553 furukawa 164.1 1 50.4 30
3554 miyazaki 176.1 1 51 92
3557 takeuchi 140.1 1 74.4 65
3560 satou 174.1 0 48 20
3561 ootuka 157.2 1 43.2 83
3564 kimura 158.9 0 69.7 53
3565 sugimoto 147 1 67.5 52
3570 maeda 165.6 1 68.4 50
3571 shimizu 150 0 68.3 72
3574 saitou 171.1 1 57.1 19
3579 nakata 142.8 1 63.1 5
3580 yoshikawa 167.6 0 78.2 54
3582 ueda 142.4 0 69.3 55
3592 kawakami 142.9 1 47 26
3595 oono 150.9 0 62.7 61
3596 matsushita 162.9 1 45.9 57
3597 noguchi 143.4 0 48.5 44
3598 yamamoto 179.3 1 52.2 68
3599 matsui 167.4 0 45.9 12
3602 matsui 160 0 65.5 22
3603 oota 166.7 0 70.4 80
3606 yoshida 161.2 1 60.4 11
3608 nomura 154 1 64.2 51
3612 kawakami 173 0 64.2 48
3613 suzuki 156.4 0 73 7
3614 chiba 178.5 1 53.5 42
3615 ootuka 160.8 1 46.5 62
3617 shimizu 142.2 0 72.5 13
3620 arai 166.2 0 61.9 19
3624 kudou 165.4 0 52.4 18
3626 fukuda 171.3 0 44.7 59
3627 fujii 162.2 1 45.3 43
3628 fujiwara 171.9 0 51.2 40
3630 maeda 178.5 0 65.2 15
3632 kaneko 146.9 1 43.1 89
3636 tanaka 159.8 1 59.4 81
3639 simada 174.7 0 70.1 10
3640 ookubo 154 1 73.5 48
3641 wada 157.6 1 73.5 55
3644 kawaguchi 179.5 1 48.5 62
3645 kubo 144.9 0 56.1 64
3646 nakamura 167.4 0 62.8 2
3647 igarashi 173.2 1 71 46
3650 morita 162 1 78.1 93
3651 sakai 158.8 1 62.5 27
3652 oota 165.5 0 67.3 33
3655 ookubo 154.7 0 40.6 93
3658 matsushita 176.6 1 42.3 72
3660 yoshikawa 155.8 0 66.4 66
3661 taniguchi 146.2 0 55.9 71
3662 honda 156.3 1 72.5 70
3663 andou 152.2 1 64.5 36
3666 fujimoto 155.7 0 56.4 74
3668 nishida 178.2 1 70.5 6
3669 kojima 174.8 1 72.6 35
3671 sakai 142 0 48.1 77
3674 fukushima 166.2 0 50.8 80
3675 sakurai 147.3 0 70.9 71
3676 kojima 145.2 0 69.9 94
3678 aoki 168.2 0 48 85
3679 oota 168.8 1 55 35
3683 oonishi 144.5 1 67.1 33
3685 nakamura 160.8 0 70.5 60
3687 iwasaki 151.4 0 57 89
3688 igarashi 158.6 0 50.1 20
3690 saitou 156.2 0 65.8 46
3694 andou 150.3 1 54.4 69
3697 morita 142.4 0 47.3 2
3698 ookubo 176.1 1 61.4 37
3699 fujiwara 153.6 1 55.2 88
3703 iwata 157.3 0 61.5 96
3704 okamoto 162 1 60.1 19
3705 kubota 146.2 1 75.8 35
3706 suzuki 175.3 1 63.4 46
3707 okada 148.1 1 73.1 85
3712 sakurai 169.1 1 69.1 70
3713 hujita 169.3 1 53.4 4
3714 yamaguchi 144.8 0 53.8 16
3716 mori 146.1 1 45.4 0
3720 tuchiya 165.4 0 54.9 20
3721 yoshida 153.9 0 56.7 74
3722 hayashi 141.9 0 76.1 35
3727 takada 157.9 0 56.3 55
3728 nakanishi 179.1 1 68.1 69
3729 takeuchi 143.2 1 55.1 41
3730 oonishi 140.9 1 50 21
3732 hirata 149.9 1 45.9 29
3733 oota 157.6 1 41.7 73
3735 takeuchi 161.4 1 46.2 27
3741 tanaka 154.4 1 56.5 48
3743 gotou 154.7 1 62.8 5
3745 igarashi 156.9 0 59.5 19
3746 kikuti 160.5 0 76.7 44
3748 matuo 173.4 1 79.7 74
3749 morimoto 175.8 1 58.1 98
3751 kaneko 175.4 1 59.5 0
3752 furukawa 174.7 0 57.9 91
3753 hamada 161.6 1 79.2 59
3754 itikawa 160.1 0 78.7 61
3755 sakai 169.8 0 67.7 29
3757 iwasaki 149.3 1 47.7 57
3761 yoshikawa 177.2 0 61.6 65
3763 harada 153.9 0 68.8 61
3765 yoshimura 167.4 1 59.1 48
3766 yasuda 176 0 74.2 48
3767 matsushita 167.4 1 44 61
3768 masuda 140.1 0 47.3 88
3769 sakurai 175.4 0 53.4 29
3770 yamada 152.7 1 41.9 17
3771 endou 157.8 0 65 14
3772 miyazaki 142.1 1 65.8 41
3773 mori 175.7 1 41.7 41
3776 maruyama 151.3 1 61.4 38
3777 imai 165.7 0 61.9 26
3779 nakanishi 155.4 0 77.7 26
3781 matsuoka 161 0 63.3 40
3784 kubota 173.5 0 76.7 30
3789 aoki 170.3 1 74.1 83
3792 okada 170.2 1 57.3 89
3793 higuchi 144.3 0 57.6 26
3795 yoshikawa 168.3 1 73.3 16
3800 fujiwara 175 0 52.5 97
3801 nakanishi 157.1 1 57.6 32
3802 hamada 177 1 68.9 59
3804 nishikawa 174.4 1 64.2 55
3808 yamada 162.5 1 52.4 82
3809 hirata 176.1 1 59 25
3810 abe 146.9 0 61.9 72
3813 arai 142.8 0 67.1 68
3814 nakanishi 144.9 1 69.2 87
3819 kikuchi 155.9 0 44.7 48
3820 morita 154.1 0 69.6 69
3822 abe 140.2 0 70 0
3824 nishida 160.3 1 53.5 1
3825 yokoyama 143.4 1 59.6 41
3826 sakai 170.5 1 76.4 98
3827 kubo 169.2 1 59.8 59
3831 murata 175.1 1 41.1 89
3832 masuda 157.5 1 40.2 86
3833 satou 172.9 1 41.1 12
3834 morimoto 163.6 0 78.9 65
3837 yoshida 176.7 1 56.1 92
3841 yamashita 163.1 0 58.5 53
3842 kouno 162.8 0 54.9 10
3844 arai 175.9 1 62.6 19
3846 komatsu 146.4 0 67 28
3847 matsumoto 160.7 1 55.8 57
3848 simada 144 1 77.5 39
3849 itikawa 161.7 1 77.7 74
3852 itou 149.5 0 67.4 12
3853 higuchi 158.3 1 76.3 75
3856 nakanishi 140.8 1 62.2 9
3861 yoshida 161.6 1 59.9 99
3862 masuda 163.6 1 77.8 78
3864 noguchi 175 0 57.1 14
3865 kudou 143.1 0 64.9 69
3866 matuo 177 1 74.6 82
3868 yokoyama 146.3 1 54.9 32
3869 hamada 169.5 0 57.3 81
3870 satou 156.2 1 59.9 73
3875 watanabe 145.4 0 48.6 12
3876 gotou 171.4 0 46.7 16
3877 kubo 162.1 1 58.5 36
3878 sugiyama 166.4 1 61.4 0
3880 kouno 172 0 43.4 84
3881 tuji 179.3 0 50.3 77
3884 furukawa 175.3 1 79.1 15
3887 furukawa 147.5 1 62.2 19
3890 saitou 159.8 1 43.6 83
3891 hashimoto 179.4 0 52.2 88
3892 oohashi 140.8 1 57.7 69
3893 ono 148.6 0 68 1
3895 yasuda 144 0 58.3 92
3896 matuda 179 1 64.7 11
3897 nagai 173.8 1 78.7 62
3903 sakai 154.4 1 76.2 36
3904 nakano 147.5 1 53.7 30
3905 saitou 177.2 0 79.4 66
3908 endou 142.5 0 46 19
3909 hattori 162.3 1 71.9 11
3911 oonishi 164.7 0 56.7 92
3914 suzuki 149.8 0 75.9 55
3916 yamada 160.7 0 77.7 34
3918 sasaki 169.7 1 73.3 94
3920 satou 152.9 1 42.2 43
3921 yasuda 150.2 0 64.5 87
3923 nakamura 172.6 1 69.7 88
3924 matsui 142.9 1 79.2 83
3927 aoki 178 0 41 90
3928 shimizu 171.5 1 48.7 24
3932 matsushita 147.2 0 68.4 95
3933 hashimoto 162.3 0 60.2 30
3935 azuma 148.1 0 70.7 59
3936 murakami 169.8 1 77.8 94
3937 ono 178 1 72.3 29
3940 nakata 155.7 0 46.7 60
3941 kitamura 145.9 0 41.5 29
3942 azuma 158.3 1 61.4 54
3946 suzuki 176.9 1 61.3 50
3947 ikeda 172.2 1 69.3 74
3948 asano 179.6 0 72.4 47
3949 fujii 144.6 0 72.2 23
3951 tuji 146.8 1 60.1 99
3952 aoki 174 0 59.3 41
3957 fujii 147.4 0 55.9 36
3962 asano 160.5 1 52.3 52
3967 komatsu 153.5 0 66.1 61
3968 yamazaki 165.2 1 42.4 83
3971 takano 144.4 1 64.6 19
3973 yasuda 160.7 1 67.7 49
3979 nakanishi 160 0 50.3 43
3981 ono 179 1 63.5 9
3983 saitou 168.1 0 47.5 32
3984 ishihara 159 0 77.1 20
3985 aoki 167.5 0 76.9 83
3988 imai 145 0 46.7 90
3989 suzuki 171.1 0 47.4 48
3991 imai 167.6 0 49 66
3992 baba 154.3 0 65.1 17
3995 yoshida 175.8 1 77.7 50
3996 kondou 164.2 1 46.7 41
4001 kitamura 150.4 1 50.4 59
4004 sakurai 173.7 1 45.9 20
4008 nakagawa 146.6 0 69.8 82
4009 sano 176.6 1 67.3 21
4011 satou 177 1 56.7 79
4014 suzuki 154.1 1 42.2 87
4015 kudou 173 1 62.4 31
4018 kikuti 141.5 1 43.3 27
4020 asano 159.2 0 60.8 60
4021 ikeda 153.9 0 40.6 89
4022 gotou 161.5 0 45.4 70
4023 hattori 155.2 1 42.2 67
4029 kawakami 144.9 0 75.5 27
4030 yamazaki 174 1 48 34
4032 nisimura 166 0 75.9 97
4038 shimizu 167.9 0 42.1 73
4039 matsumoto 173.2 0 56.3 89
4043 yamaguchi 175.1 0 79.7 87
4045 sugimoto 160.2 1 42.8 29
4046 baba 147.4 0 51.2 93
4050 nakata 177.6 1 72 45
4051 nomura 155.9 1 71.2 16
4052 tuchiya 153.6 0 77.7 44
4054 uchida 155.9 0 78.2 90
4055 yasuda 177.7 1 48.9 35
4056 aoki 149.5 1 52.6 75
4057 yamaguchi 169.6 0 66.9 89
4058 nakagawa 147.4 0 77.3 53
4059 uchida 177.5 0 54 97
4061 nisimura 149.7 1 62.2 6
4064 itikawa 164.5 1 69.3 4
4066 hirata 156.7 0 65 13
4069 yano 160.1 0 79.4 12
4071 kikuti 142.5 1 58.2 14
4072 ishikawa 152.9 1 54.9 28
4074 takada 153.1 0 69.7 18
4081 hasegawa 144.4 0 54.8 98
4084 matsuoka 147.7 1 66.3 66
4088 ikeda 168.7 0 43.9 24
4090 uchida 160 0 53.5 71
4092 matuo 177.7 0 45.6 47
4095 yasuda 154.7 0 58.2 64
4097 komatsu 153.5 1 77.7 1
4099 kawasaki 167.3 1 49.5 51
4102 baba 155.2 1 68.3 62
4103 takada 165.4 0 47.8 29
4104 watanabe 165.2 1 50.5 70
4105 akiyama 145.2 0 43.2 12
4106 matuo 142.4 1 71 89
4108 yamauchi 177.2 0 76.5 17
4112 yasuda 165.2 1 58.1 46
4115 chiba 167.7 1 62.4 67
4116 nakamura 158 1 62.3 94
4118 kondou 157.9 0 60.6 36
4119 akiyama 147.4 1 76.8 1
4121 yamaguchi 179.1 0 73.6 34
4122 ono 142.8 0 47.5 61
4123 iida 157.9 0 58 50
4124 sakurai 170.1 1 60.2 23
4125 asano 145.7 0 44.4 25
4126 hashimoto 163.9 0 78.2 76
4127 tanaka 145.4 1 77.1 6
4128 andou 142.8 0 53.5 88
4129 miyamoto 164.6 1 79.9 90
4130 nomura 145.3 0 71.1 24
4131 arai 167.1 1 69.4 26
4133 oonishi 142.3 0 58.3 2
4137 okamoto 172.2 0 52.1 75
4139 takeuchi 152.3 0 48.2 12
4146 ishikawa 141 0 46.7 50
4147 masuda 169 0 73.9 11
4151 takano 147 1 72.8 33
4154 hujita 158 1 61.7 42
4155 hara 159.4 0 73.8 42
4157 oono 140.6 0 60.3 87
4158 nishida 158.6 1 49.5 31
4159 hujita 161.9 1 50.7 79
4160 takeuchi 167.5 0 55.7 0
4161 tanaka 152.1 0 76.9 70
4162 watanabe 147 0 63.8 33
4164 sugiyama 148.5 1 62.1 75
4166 miura 142.8 1 63.9 40
4168 hujita 147 0 49.8 16
4169 shimizu 157.1 0 79.2 82
4170 hirata 172.5 1 40.7 48
4172 fujiwara 158.1 1 44.9 93
4175 simada 175.9 1 66 79
4177 sakamoto 166.6 0 64.6 44
4179 ishii 168.5 0 56.5 13
4180 kondou 149 0 51 38
4182 kawasaki 146.2 1 41.5 4
4185 kimura 147.5 0 51.9 42
4186 sugimoto 143.3 1 70.9 57
4187 kubo 159 1 74.5 92
4189 kawasaki 165 0 40.2 13
4190 takagi 161 1 76.1 47
4191 masuda 153.7 1 42.2 84
4195 yamada 140.8 1 54.7 42
4196 yoshida 150 1 62.8 30
4199 nagai 152.8 1 64.4 63
4200 miura 144.5 1 69.4 13
4201 kubo 177.5 0 41 9
4205 yasuda 150.7 0 67.5 92
4206 itou 147.1 1 64.6 98
4209 kawakami 145.3 1 44.6 16
4211 furukawa 150.5 0 41.9 15
4212 nakano 153.1 0 52.8 60
4214 tuji 176.2 1 54.3 72
4215 higuchi 150.8 0 46.7 16
4216 matuda 148.3 1 63.1 46
4217 kubo 141.1 0 42.6 66
4218 hashimoto 163 1 67.2 72
4225 fukuda 145.8 0 67.2 48
4226 ikeda 151.4 1 44.2 26
4227 iwata 176.2 0 75.7 55
4229 uchida 158.5 1 49.7 33
4231 nakajima 171.3 0 46.3 65
4233 yamauchi 176.8 1 43.6 26
4234 hashimoto 178 1 57.8 8
4236 kikuti 141.1 0 44.6 41
4239 sasaki 142.6 1 40.1 0
4243 hamada 156.3 1 45.5 39
4245 nakanishi 163.4 1 40.4 14
4248 nakano 150.3 0 66 26
4250 mizuno 142.9 1 64.3 99
4251 sakai 167.4 1 50.9 57
4252 sasaki 149.2 1 57.4 18
4255 matsushita 176 0 73.1 50
4256 nakagawa 175.8 1 70.2 1
4260 miyazaki 178 1 71.6 39
4262 kikuchi 147.7 0 77.8 99
4263 kawaguchi 164.1 0 70.6 50
4265 oota 174.8 1 55.1 10
4266 mizuno 144 0 52.9 24
4267 baba 179.5 1 65.6 42
4268 kawasaki 142.8 1 71.9 97
4269 iwata 176.4 1 62.6 24
4271 sano 152.9 1 77.4 55
4273 murata 177 1 67.1 17
4276 kikuti 173 0 61.2 0
4277 maruyama 167.1 1 75.2 72
4278 itou 154.3 0 58.2 5
4280 kawakami 151.4 1 63.1 91
4281 miura 160.7 0 56.2 20
4283 katou 146.2 1 79.5 66
4284 saitou 149.2 1 58.4 23
4285 kubo 164.9 1 67.5 1
4290 maeda 157.8 1 52.8 42
4292 sakurai 162.2 0 51.8 20
4296 saitou 174.4 1 56.6 1
4299 sakamoto 164.4 1 66.4 41
4304 nakano 158.9 0 65 46
4306 fujiwara 149.7 0 62.4 53
4307 kikuchi 144.3 1 60.2 34
4309 murata 141.4 0 75 77
4310 sasaki 166.2 0 68 16
4311 fujimoto 160.7 1 43 37
4313 honda 164.5 1 53 84
4316 sakamoto 165 1 67.8 29
4317 yamamoto 146.7 1 71.7 68
4318 hamada 155.8 1 47.9 14
4319 masuda 150.7 0 51 7
4325 ono 141.9 0 40.9 61
4326 watanabe 168.9 1 61.5 93
4327 hoshino 141.6 1 63.2 70
4328 suzuki 150.8 1 48 59
4329 oota 177.2 1 71.7 45
4334 oonishi 162.3 0 66.3 98
4335 baba 179 0 72.1 94
4337 nomura 172.9 1 41.5 68
4341 kinoshita 176.7 1 59.2 70
4344 inoue 159 1 43.2 64
4345 fujiwara 147.6 1 58.6 49
4349 sakamoto 161.3 0 67.8 92
4354 kouno 175 0 57.7 67
4355 yamaguchi 160.2 1 50.5 61
4356 sugiyama 178.1 1 45.7 17
4357 kitamura 157.9 1 43.6 54
4359 yoshioka 161.6 0 65.2 65
4361 kudou 149 1 47.6 18
4364 yamaguchi 151.3 0 67.9 10
4366 komatsu 140.6 1 72.6 4
4367 nisimura 154.5 1 40.6 55
4368 ookubo 177.3 1 71.6 66
4369 abe 149.6 0 75.7 42
4370 saitou 152.3 1 64.2 90
4371 tuji 141 0 62.2 2
4372 yamashita 160 1 65.7 62
4377 matuo 166.7 0 41.6 30
4379 seki 176.9 0 53.3 38
4380 murata 152.8 0 48 13
4381 aoki 163.5 0 63.4 90
4385 taniguchi 175.8 0 63.1 42
4389 maruyama 179.9 1 70.4 18
4391 ishihara 171.6 1 66.5 93
4393 hasegawa 174.3 1 65.5 8
4394 nomura 155.8 1 60.3 4
4395 ishii 168.1 1 57.8 50
4396 ono 164.2 0 63 66
4397 kubota 166 1 66.8 96
4398 satou 177.7 0 76.8 85
4399 kaneko 156.3 0 63.6 80
4400 ishii 177.1 1 41.1 23
4401 kaneko 151.6 1 65.2 16
4402 yoshimura 157.6 1 65.8 56
4403 tuji 164.2 0 53.9 18
4408 imai 149.3 1 40.8 37
4409 morimoto 144.4 1 42.8 0
4412 yamazaki 179.7 1 73.8 59
4413 tuchiya 157.6 0 64.4 63
4415 harada 141 1 47.9 38
4416 takeda 158.9 1 62.8 68
4419 nomura 154.6 1 49.8 38
4421 kawasaki 167.2 1 73.4 22
4425 hattori 168.5 0 74.3 68
4430 kawasaki 142.3 1 62.5 47
4431 maeda 162.8 0 79.8 68
4432 iida 156.9 0 73.2 23
4437 mizuno 140 1 53.1 53
4440 watabe 160.6 1 70.5 70
4441 nisimura 156.6 0 51.5 53
4442 matsuoka 164.2 0 56.3 22
4443 kubo 144.5 1 75.4 63
4444 akiyama 162.6 0 56.6 39
4446 okada 168.5 1 44.3 95
4449 katou 151.5 0 77.2 63
4452 fujii 147.9 1 63.3 97
4458 kawaguchi 153.5 1 49.3 58
4461 yamazaki 179.4 1 75 91
4462 iida 166.2 0 63.6 71
4464 watabe 172.2 0 47.8 91
4465 yamamoto 175.2 1 62.2 7
4468 hirano 175.6 1 49.4 18
4470 sakai 153.4 0 78.9 10
4471 maeda 143.9 0 54.5 18
4474 fujii 177.4 0 71 75
4478 miyamoto 170.5 0 65.4 24
4479 matsuoka 143.7 0 54.4 68
4480 nakamura 154.4 0 69.2 9
4481 taguchi 163.9 1 53.6 86
4482 nishida 146.1 0 49.3 42
4483 mizuno 164.6 0 78.6 4
4485 higuchi 173 0 48.5 66
4488 komatsu 144.6 1 45.6 27
4489 azuma 154.8 0 49.5 23
4493 ono 161.5 1 61.9 17
4494 fukuda 169.2 0 67.4 63
4495 aoki 166.5 1 76.7 96
4498 takeda 167.5 1 58.9 26
4501 maeda 145.9 0 73.5 47
4503 sakurai 173.7 0 65 86
4505 kondou 157.2 0 44.9 17
4506 akiyama 153.7 1 62.2 55
4507 fujiwara 173.9 1 50.4 4
4512 igarashi 163 0 58.9 57
4515 nishikawa 147.3 1 55.1 97
4516 yamashita 150.6 0 40.6 23
4517 ikeda 166.5 1 68.2 89
4519 nakamura 153.9 1 76.2 76
4520 tamura 166.9 1 61.5 50
4523 hamada 149.3 1 54.9 76
4524 ogawa 147.2 1 45.3 83
4527 murakami 175.1 0 68.4 29
4530 ishihara 168.1 0 57.3 19
4531 sano 158.5 0 76.3 44
4532 hirano 179.4 1 40.2 30
4533 wada 164.8 0 42.1 49
4534 sakai 164 0 67.1 1
4535 akiyama 145 1 77.7 20
4537 nishikawa 148.9 0 47.7 68
4538 nakanishi 174.6 0 55.1 87
4539 watanabe 169.4 1 69.3 85
4541 yamauchi 168.3 1 53.8 89
4542 ueda 156.1 1 77.6 97
4543 hayashi 144.2 0 69.6 15
4544 hayashi 166.9 0 70.5 22
4545 nakanishi 144.2 0 78.4 93
4547 saitou 147.6 1 66.3 95
4548 hasegawa 143.3 1 49.3 90
4554 ishida 150.4 0 64.2 43
4555 yamada 153.5 0 67.1 82
4557 matuda 162.4 0 57.4 88
4560 takeda 160.2 0 44.5 47
4561 nakanishi 173.8 1 46.7 7
4568 ono 167 0 42.6 43
4569 iwata 159.9 0 73 78
4570 nakano 142 1 59 54
4572 imai 177.6 1 70.6 53
4575 ishii 168.8 1 55.1 50
4578 yoshikawa 175.4 1 65.9 96
4583 katou 159.8 1 44.3 56
4584 nishida 170.3 1 72.8 25
4587 hoshino 156.4 1 54.8 63
4589 oyama 163.3 1 69.6 85
4590 arai 172.3 0 45.6 93
4593 oono 149.9 0 59.4 69
4594 seki 160.5 0 51.9 52
4596 kondou 140.8 0 78.1 87
4597 morita 173.8 1 54.7 79
4599 hirano 169.1 0 75.3 41
4600 tanaka 158.4 1 77.8 64
4602 nakagawa 179.6 1 42.7 72
4607 nakanishi 177.6 0 59.6 11
4617 ogawa 144.5 0 44.8 7
4619 uchida 179 1 61.3 54
4620 sakamoto 140.3 0 41.2 67
4621 honda 162.4 1 45.4 27
4625 kubo 149 0 52.4 46
4627 nomura 155.4 0 75.7 25
4628 ueno 163.9 1 75.5 25
4629 arai 160.3 1 77.6 62
4630 ishii 144.1 0 66.5 9
4631 uchida 152.1 1 41.5 29
4632 miyazaki 141.6 1 79.6 96
4634 sugawara 160.8 1 56.4 78
4636 itou 144.6 1 44.3 60
4638 morimoto 156.5 0 62.7 27
4644 abe 177 0 61.2 45
4646 takahashi 157.8 0 71.9 47
4648 yano 147 1 64 95
4653 hirano 153.5 1 65.5 70
4654 takano 172.2 1 40.2 17
4655 hasegawa 163.9 0 55.6 29
4660 baba 166.7 0 77.1 60
4661 sugawara 158.9 1 50.1 70
4662 mori 164.8 1 69.8 49
4663 yamamoto 147.2 0 66.9 96
4664 yoshimura 152.2 1 60.5 23
4665 kitamura 150.7 1 62.2 27
4667 matsui 141.2 0 72.1 63
4669 sakurai 150.3 0 58.4 36
4670 harada 176.5 1 62 23
4671 iwata 149.9 1 40.7 13
4675 taguchi 159.8 0 62.5 72
4676 kaneko 146.7 0 56.1 66
4677 takahashi 176.6 1 66.3 75
4679 masuda 156 0 71.9 89
4684 hujita 153.1 0 48.3 61
4685 mori 171.1 1 58 97
4688 shimizu 160.4 1 50 35
4689 hirata 145.1 0 57.9 27
4690 nagai 149.3 1 54.5 21
4692 morimoto 149.7 1 73.4 49
4697 kudou 142 1 71.7 22
4699 oono 177.5 1 61.1 9
4700 maruyama 146.7 1 51.2 53
4701 miura 168.4 1 57.9 16
4702 higuchi 177.3 1 77.5 43
4703 noguchi 152.8 1 73.1 6
4704 nakano 140.9 1 74.8 19
4706 kawakami 150 1 67.6 47
4707 hujita 174.5 1 51.4 55
4709 hujita 153.9 1 54.5 47
4715 morita 172 1 53 80
4716 mizuno 144.5 0 74.8 17
4720 ono 173 1 76.4 93
4721 noguchi 143.8 1 78.6 18
4722 kitamura 166.5 1 79.9 80
4724 nishikawa 175.2 0 72.4 42
4725 watanabe 174.3 1 40.6 33
4730 fukuda 178.9 0 61.6 81
4731 itikawa 169.4 0 47.2 95
4732 nishida 172.3 0 47.9 75
4734 yamazaki 168.9 0 43.5 98
4735 sugimoto 175.9 0 76.9 77
4741 kojima 171.8 0 70.7 39
4742 ogawa 162.7 1 68.2 35
4743 harada 150.6 1 55.4 23
4747 takano 151.4 1 51.3 60
4748 kinoshita 150.2 1 68.5 42
4751 matsui 179.9 1 51.1 81
4753 nakagawa 170.8 1 60.3 98
4754 yamamoto 175 0 44.8 63
4755 maeda 146.3 0 79.4 13
4758 yoshioka 157.9 0 57.3 11
4759 kimura 178.8 1 70 24
4762 kondou 166.7 1 76.9 34
4764 oohashi 172.7 0 52.3 35
4765 fukushima 145.5 1 54.8 0
4766 aoki 140.4 1 62.8 46
4767 kawaguchi 141.2 1 51.3 0
4768 inoue 151 0 42.5 7
4770 kikuti 144.2 0 70.9 33
4775 kawaguchi 177.6 0 51.4 49
4777 kubo 152 1 69 34
4779 kitamura 161.2 0 68.2 93
4781 kojima 174.9 0 72 90
4782 harada 152.3 0 71.1 98
4784 azuma 144.8 1 50.6 52
4785 nakata 179.2 0 63 8
4786 wada 168.4 1 78.8 32
4787 oono 177.9 0 41.9 54
4789 tamura 174 1 63.4 90
4790 kondou 164.4 1 70.5 12
4791 iida 172.1 0 70.8 11
4794 oyama 164.1 1 59.7 89
4796 asano 157.5 0 58.7 9
4797 asano 159.1 1 46.2 1
4800 kojima 141.7 1 75 6
4801 tanaka 159.7 0 52.8 70
4802 ueno 146.8 0 65.3 54
4803 hoshino 165.7 0 53.8 87
4804 ishii 158.7 1 54.3 48
4808 seki 177.3 1 60.7 63
4810 takeda 177.2 1 55.9 49
4811 furukawa 174 1 71.2 43
4812 takano 171 1 75.4 60
4814 nisimura 170.7 1 68.2 31
4815 oono 141.8 1 48.5 52
4816 yoshida 170.6 0 44.1 75
4818 watabe 157.8 0 42.4 86
4821 igarashi 163.2 0 65.6 93
4822 hujita 176.5 1 43.2 3
4823 satou 177.8 0 62.7 14
4824 sasaki 174.5 1 60.7 52
4826 takano 143.6 1 79.4 50
4827 hashimoto 151.2 0 53.9 90
4828 matuo 172.6 1 43.7 35
4829 nakagawa 160.4 1 47.7 8
4831 nomura 163.8 0 75.7 12
4838 yamashita 146.3 0 62.4 4
4840 honda 143.3 0 61.8 51
4841 hoshino 151.4 0 63.9 32
4842 takagi 172.2 0 43 17
4846 kawasaki 141.4 1 50.8 47
4847 fujimoto 175.3 0 47.4 30
4848 seki 169.8 0 49.7 66
4853 yoshida 141.9 0 51.6 39
4855 matuda 154.3 1 51.2 98
4856 kawasaki 141.5 0 54.4 68
4857 fujimoto 141.8 0 68.6 70
4858 taniguchi 175.9 0 56.6 76
4861 higuchi 157.9 1 68.7 91
4865 kitamura 170.5 0 73.6 61
4866 hujita 170.5 1 60.9 47
4867 takahashi 144.5 0 59.2 65
4868 hirata 159.1 1 56 19
4869 ikeda 163.6 1 44.9 41
4873 kubo 148.3 1 41.9 40
4878 sakurai 165.7 0 63.7 75
4879 sano 150 1 40.3 34
4880 takano 175.8 1 71.9 68
4883 ishida 159.3 1 75.7 58
4884 ishii 146 1 57.2 20
4885 nisimura 159.9 1 65.6 28
4887 hattori 144.5 1 40.9 96
4888 oyama 150.2 0 77.3 33
4890 kojima 173.6 1 65.7 4
4891 komatsu 150.8 1 47.1 86
4892 kondou 162.7 0 68 86
4893 ootuka 166.5 1 60.9 47
4894 fujii 145.7 1 65.4 42
4895 yoshimura 146.2 1 79.9 81
4896 miyazaki 168.9 1 52.9 61
4897 arai 166 0 69.3 35
4900 fukuda 163.6 1 61.6 81
4901 matsui 177.1 1 51.5 20
4903 furukawa 161.3 0 44.5 48
4904 andou 159.5 0 40.8 28
4905 kimura 142 1 55.7 15
4906 iwasaki 150.6 0 44 80
4908 andou 170 0 48.6 74
4910 oono 149.8 1 77.6 58
4911 matsuoka 157.3 0 50.5 97
4913 yamanaka 179.4 0 70.1 87
4914 nagai 149.2 1 63.8 20
4915 kikuchi 160.7 0 44.4 13
4916 kondou 173 1 51 59
4920 nakamura 166.9 0 72.6 77
4922 nakagawa 149.1 1 46 80
4925 matuda 160 0 64.7 12
4926 iwata 147.3 0 59.6 50
4928 mizuno 140.6 0 48.6 43
4930 kouno 165.7 0 79.2 73
4931 matsuoka 176.8 0 43.9 45
4934 yamanaka 156.8 0 54.2 83
4935 shibata 174.5 1 68.8 29
4936 saitou 178.7 1 78.6 41
4937 fujimoto 156.3 0 57.4 66
4938 ishihara 149.8 0 56.3 66
4939 hashimoto 159.3 0 74 96
4941 fujii 157.6 0 78.3 8
4946 kikuti 148.2 0 41.4 52
4949 nakano 176.7 0 61.3 23
4951 sugawara 153.8 0 40.6 44
4954 igarashi 166.9 1 47.6 87
4957 yoshioka 164.9 0 72.1 79
4958 yamamoto 170.9 0 55.7 7
4959 hara 140.5 1 65.2 1
4961 miura 142.8 1 54.3 58
4962 kubo 178.9 1 42.8 37
4963 kubo 178.5 0 45.1 70
4964 shibata 153.1 1 58.6 22
4966 azuma 173.8 0 64 36
4969 hujita 179.5 1 55.7 65
4972 kimura 154.5 0 75 59
4973 morimoto 168.3 0 44.5 80
4974 hasegawa 167.9 1 45.1 92
4975 kitamura 161.1 1 73.5 69
4976 ootuka 179.2 1 48.6 34
4982 kondou 151.5 1 59.6 26
4985 sugimoto 141.4 1 56.5 55
4986 yoshikawa 145.3 1 65.9 75
4987 nisimura 170.9 0 61.3 67
4993 hamada 140.6 1 47.7 2
4994 aoki 145 0 72 86
4996 higuchi 143.6 1 67.5 78
4997 nishikawa 149.4 1 41.4 44
4998 takagi 163.9 1 62.2 36
4999 sasaki 162.5 0 75.7 42
5000 watabe 174.3 1 57.6 22
5001 matuda 155.1 1 60.8 77
5003 watanabe 151 0 72.4 67
5004 sakurai 166.8 1 46.6 79
5005 matsushita 153.6 0 41.6 9
5008 yamauchi 156.6 1 62.8 37
5009 ishida 161.2 0 70.2 36
5010 hayashi 140.1 0 73.5 48
5012 ishihara 157.9 1 56.7 95
5015 hirano 164.6 1 43.4 15
5018 yamazaki 151 0 78.3 82
5019 nisimura 144.6 0 47.9 78
5021 hamada 151.4 0 40.4 6
5023 takeda 165.2 1 53.7 36
5026 okada 153.1 1 65 65
5027 takada 174.7 1 62.6 55
5028 nakanishi 147 1 48 95
5032 oono 170 1 69.1 3
5033 furukawa 172.4 1 54.6 74
5034 matsuoka 152.6 1 67.9 14
5036 endou 146.5 1 77.7 0
5039 takada 155.1 1 62.3 11
5040 iida 179.9 1 77.5 66
5041 nagai 159.9 0 42.2 64
5042 sugawara 144.6 0 51.9 67
5043 hattori 160.2 1 60.1 26
5044 saitou 145.6 1 75.5 6
5047 higuchi 165.3 1 64.2 57
5048 oota 148.8 1 59.3 64
5049 kobayashi 157.2 1 43.2 35
5050 noguchi 165.5 0 60.4 37
5052 baba 151.7 1 53.9 32
5053 yoshimura 173 0 43.8 93
5054 takagi 151.1 1 71.4 46
5057 hamada 147 0 53.1 43
5061 yamanaka 171.9 0 62.5 9
5063 furukawa 176.7 1 45.2 27
5065 yano 152.9 0 43.4 9
5067 hirano 179 0 61.2 82
5069 oota 162.8 0 66.8 4
5070 matsushita 178 0 68.9 33
5071 asano 154.7 1 55.3 9
5072 mori 177.9 1 78 31
5076 wada 148.7 1 79.4 63
5077 nakajima 173.8 1 61.3 8
5079 inoue 165.8 0 64.1 8
5081 miura 173.8 1 66.4 76
5084 taniguchi 145.7 0 41.3 63
5085 higuchi 140 1 76.2 95
5086 sugawara 165.3 1 61.9 40
5088 watabe 147.7 1 63 65
5091 mori 162.9 0 56.2 40
5093 nisimura 176.8 0 55.7 75
5095 kikuti 174.6 0 76.5 97
5096 katou 164.4 1 57.2 3
5097 yano 177.2 1 75.7 58
5099 higuchi 179 0 55.9 76
5100 igarashi 160.1 1 66.4 1
5101 yoshikawa 151.7 1 76.6 63
5105 ueda 168.9 1 41.4 84
5108 saitou 151.1 1 49.5 95
5110 miyamoto 167.7 1 41.9 55
5112 fukushima 171.2 1 62.1 1
5119 matuda 146.7 1 71.3 25
5123 akiyama 153.1 0 67.4 83
5125 fujiwara 146 1 76.3 57
5127 yoshikawa 147.5 0 66.3 29
5129 sano 160.9 1 44.5 65
5130 maeda 143.3 0 78.9 59
5131 nakamura 166.7 0 73.9 17
5132 ueda 141.6 0 60.8 97
5134 aoki 167.1 0 49.6 1
5136 yamamoto 163.8 0 53.9 43
5138 komatsu 177.8 1 55.4 52
5139 ishihara 177.8 1 51.6 29
5140 ishikawa 172.9 1 44.4 2
5141 yoshikawa 163.2 1 79.9 19
5142 kouno 164.7 0 43.1 45
5145 sakai 172.8 0 67.2 98
5151 yoshioka 163.6 1 51.9 60
5153 watabe 152.1 0 41.4 5
5155 murata 142.9 1 41.1 88
5160 takeda 177 0 55.9 86
5161 watanabe 168.5 0 76.6 36
5162 fukuda 142.6 0 57.5 0
5164 andou 172.1 1 48.7 78
5165 iwasaki 168.8 1 57.4 31
5166 hara 149.4 0 62 40
5169 iida 154.8 1 49.8 78
5170 kobayashi 152.8 1 64.6 40
5171 yamamoto 169.9 1 68 90
5176 fujii 179.4 1 66.8 16
5177 watabe 140.6 0 45.6 72
5178 yamauchi 140.8 0 51 37
5179 asano 159.6 0 61.3 93
5184 taniguchi 170.4 1 55 88
5186 takeda 151.1 0 63.6 60
5190 kawaguchi 159.8 1 58.7 78
5192 kitamura 164.4 0 67.5 4
5194 masuda 170.8 0 40.8 32
5196 oono 143.8 0 70.1 71
5197 kikuti 162.7 1 66.6 7
5201 aoki 169.8 1 76 41
5203 noguchi 174 1 69.8 51
5205 yokoyama 171 0 78 28
5212 nomura 167.5 1 69.2 11
5213 sugimoto 149.2 1 45 98
5214 sakurai 147.1 1 62.4 7
5215 azuma 149.8 0 55 64
5216 yamada 174.2 0 65.5 81
5217 saitou 141.9 1 54 79
5221 yoshimura 177.9 1 40 88
5224 watabe 146.3 1 76.2 16
5225 katou 152.2 0 62.2 8
5226 nomura 160.7 0 56.9 10
5229 suzuki 150.9 0 70.1 7
5231 takada 171.8 0 71.2 26
5232 yokoyama 177.9 0 48.6 17
5233 miyazaki 146.3 0 45.6 40
5234 ishikawa 165.5 0 78 10
5236 nakanishi 148.6 0 61 43
5239 uchida 171.8 1 59.9 56
5240 hirano 144.2 1 51.4 88
5241 seki 147.8 1 44.6 73
5244 yamamoto 159.2 1 59.6 7
5245 maruyama 161.1 0 53.6 22
5247 katou 163.4 0 52.5 44
5249 tuchiya 171.6 0 73.9 78
5252 shibata 177.2 0 48.1 69
5253 ookubo 155.6 0 64.9 31
5257 hamada 159.1 1 43.6 7
5260 nakajima 144.4 0 77.9 96
5261 tuchiya 170 0 57.5 9
5262 iwata 170.3 1 78.3 48
5265 ueda 160.4 0 76.5 41
5267 yamazaki 151.1 0 71.5 76
5268 fujimoto 170.2 1 67.6 33
5270 andou 168.6 1 48.2 23
5271 shibata 145.2 1 49.4 40
5272 maruyama 147.4 1 40.2 53
5274 matsuoka 140.7 1 73.3 40
5278 ishihara 150.3 0 60.7 4
5280 ootuka 158.3 1 53.5 25
5281 iida 170.5 0 40.4 4
5282 katou 177.7 1 40.8 59
5283 fujimoto 148.2 0 73.5 85
5285 yoshida 160.1 0 59.1 99
5287 okamoto 151 1 46.7 52
5289 hoshino 140.2 1 53.3 40
5290 asano 163.3 0 69.6 13
5293 sugiyama 156.5 0 79.6 89
5294 matsui 169.2 1 56.7 65
5295 wada 142.3 1 75.2 34
5296 miura 150.9 0 60.2 85
5299 itikawa 146.1 0 73.1 41
5300 nakajima 172 0 76.6 40
5301 kojima 170.7 0 49.5 73
5303 matsumoto 148.9 0 79.8 65
5304 nishikawa 177 0 41.3 48
5310 saitou 157.7 0 76.2 90
5312 kondou 153 1 56.4 84
5313 kubota 178.1 0 71 27
5316 kinoshita 159.1 1 69 33
5319 sugawara 170.2 0 53 26
5320 simada 158.4 1 67.2 17
5321 yamamoto 162.6 1 67.9 35
5322 yamamoto 170.7 1 55.9 35
5325 yano 167.6 0 52.7 66
5327 kobayashi 148.6 1 75.2 75
5329 itikawa 171.8 0 76.4 53
5330 kikuchi 153.6 1 70.2 61
5332 shimizu 168.4 1 79.7 40
5333 ootuka 160 0 59.6 46
5334 uchida 173.4 1 73.7 59
5335 matuo 168.6 1 40.7 76
5341 fujimoto 169.5 1 77.2 7
5345 tamura 157.9 0 59.8 43
5346 suzuki 167.1 1 73.4 12
5347 kimura 144.9 1 62.4 73
5349 tanaka 175.1 0 45.9 76
5350 endou 165.5 0 56.5 22
5354 matuo 141.9 1 72.7 6
5356 baba 161.7 0 49.1 99
5357 taguchi 158.5 0 72 95
5358 tuchiya 143.1 0 49.7 58
5361 hasegawa 168.5 1 43 91
5362 yamashita 153.3 1 74.3 50
5365 kikuti 156.4 0 47.1 93
5366 tanaka 152.7 0 54.6 45
5369 maeda 173.1 0 60.7 68
5371 yano 156.7 1 78.2 62
5372 hirata 174.2 1 70.3 19
5373 shibata 164.9 1 47.7 95
5375 morimoto 150.1 1 45.3 24
5377 tamura 148 0 46.3 78
5378 kawasaki 140.1 1 57.2 36
5380 ueno 171.4 0 61.1 35
5383 kawasaki 141.4 0 60.7 24
5386 mori 173 1 73.1 25
5387 katou 170.9 1 51.9 4
5388 yano 161.5 1 44 91
5391 ueda 155.1 1 54.6 98
5392 yamanaka 153.2 1 53 9
5393 miyazaki 175.8 1 56.7 98
5394 matsuoka 162.2 1 69.1 2
5395 tuji 156.8 1 59.7 37
5396 igarashi 156 0 62.6 94
5399 iwasaki 143.9 0 59.5 13
5400 ueno 158.6 1 59.7 20
5401 itou 176.7 1 42.3 20
5402 ikeda 158.9 1 49.7 21
5404 akiyama 150.9 0 45.3 77
5407 noguchi 155.1 1 71.6 52
5412 sugiyama 160.2 1 65.7 82
5415 tuji 172.6 0 43.6 94
5416 nakamura 169.4 1 70.3 32
5417 uchida 161 0 51.8 42
5418 matsui 175.1 1 42.9 50
5419 yamada 166.5 1 49.2 90
5421 kikuti 167 0 77.8 0
5423 tuchiya 168.9 0 41 99
5425 takeda 170.5 0 61.7 18
5432 takano 144.4 1 50.1 74
5433 oohashi 167.3 1 44.3 52
5440 wada 156.1 1 63.7 46
5442 hattori 160.1 0 57.1 12
5443 iida 152.9 0 79 13
5445 azuma 168.2 0 48.1 61
5447 nakata 171.7 0 45.8 98
5454 igarashi 174.5 1 71.3 43
5457 furukawa 143.9 1 54.8 0
5458 sakamoto 148.7 1 75.5 98
5459 akiyama 165.3 1 56.9 16
5463 akiyama 143.5 1 66.6 66
5467 fujimoto 154.3 1 47.3 8
5469 tanaka 143.7 0 52.9 33
5471 kikuti 165.7 1 47.5 42
5474 yoshimura 168.6 1 48.4 7
5477 hara 168.4 0 69.7 38
5478 noguchi 153.9 0 69.7 24
5479 ishii 156.2 1 77 21
5480 abe 159.3 0 43.7 89
5481 kouno 178.9 1 47.9 63
5484 wada 176.7 0 52.7 74
5485 yamanaka 140.3 1 45.7 27
5486 ishikawa 177.8 1 77.5 48
5490 furukawa 165.4 0 63.7 16
5492 sugawara 157.2 1 42.6 58
5495 kawakami 175.4 1 76.2 91
5497 miyazaki 144.2 0 47.2 2
5498 arai 140.5 0 73.2 29
5500 ishihara 143.8 1 43.3 26
5501 nisimura 160.6 1 44.7 33
5502 murakami 147 0 41.9 7
5503 itikawa 148.2 0 76.1 39
5504 ueno 146.3 1 46.8 9
5505 hujita 173.6 1 72.5 48
5506 azuma 159.3 1 50.6 58
5508 maruyama 158.9 1 79.8 14
5509 nishida 143.6 0 41.3 65
5510 saitou 142.3 0 67.9 84
5512 fujimoto 179.9 1 42.7 56
5513 ueda 164.3 1 70.3 73
5515 hara 149 0 56.8 42
5516 hayashi 158.4 0 69.6 54
5517 igarashi 170.4 0 73.2 84
5518 hasegawa 148.2 0 51.2 35
5519 nakagawa 159 1 54.7 26
5520 tamura 156.7 1 61.7 16
5524 miyamoto 149.8 1 78.9 14
5525 ueda 172.5 0 61.3 30
5530 hirata 163.1 0 78.1 70
5531 iwata 167.4 1 65.5 40
5534 seki 157.7 1 58.2 74
5535 morita 175.7 0 74 65
5537 yamashita 161.7 0 47.7 81
5538 kawakami 140.4 1 51.7 52
5540 komatsu 179.6 0 64.8 37
5544 andou 177.1 0 72.1 26
5546 matsuoka 159 0 54.8 18
5547 kubota 148.8 0 75.7 81
5548 hirata 143.9 0 56.6 79
5549 yano 165.3 0 75.6 93
5552 maruyama 147.8 1 71.2 59
5553 imai 170.6 1 73 8
5555 ishii 160.2 1 63.8 25
5556 ono 163.9 0 44.6 93
5557 yamaguchi 174.5 0 68.7 24
5561 ookubo 147 0 70.9 44
5564 iida 171.2 0 44.4 25
5565 ogawa 162.5 0 77.1 94
5566 itikawa 166.5 1 64.5 39
5570 kawaguchi 142 0 60.2 69
5571 hirata 157.5 1 51.9 74
5581 ishii 153.1 0 72.7 0
5582 ueno 175.7 0 64.4 52
5584 sakamoto 146.6 0 62.6 70
5585 masuda 149.8 0 61.9 48
5586 arai 152 1 56.4 59
5588 imai 154.4 0 73.8 12
5589 maruyama 157 1 49.5 40
5593 arai 141.2 1 63.7 41
5595 shibata 150.1 0 43.8 76
5597 nomura 149.8 1 65.5 20
5606 nakata 169.9 0 64.3 23
5607 iwata 142.9 0 48.9 51
5608 ikeda 152.7 0 65.5 42
5609 wada 166.1 0 56.9 45
5610 kikuti 149.1 0 52.5 95
5612 morita 154.6 1 50.8 38
5613 nomura 142.8 1 65.7 49
5616 katou 141.3 1 61.9 91
5617 hayashi 146 0 79.8 93
5618 inoue 166 1 74.6 69
5619 sakurai 157.1 0 42 58
5620 nakajima 163.9 1 60.1 13
5625 oonishi 175.4 0 51.5 83
5627 fujimoto 159.2 1 61.2 4
5630 hashimoto 150.2 1 46.3 89
5631 ikeda 167.7 0 49.2 38
5633 yoshida 177.7 1 58.2 24
5635 iwata 144.1 1 50 87
5637 kudou 168.3 0 51.4 44
5638 sugiyama 148.5 1 68.8 55
5641 takada 169.8 1 46.2 20
5642 nakano 155.8 0 69.7 97
5644 matuo 151.4 1 69.3 43
5648 ogawa 178.4 1 47.3 48
5651 takano 164.5 0 41.4 97
5652 miyamoto 166 0 52.9 47
5654 sugawara 158.3 1 48.9 25
5658 saitou 153.8 0 68.2 76
5659 tamura 157.9 0 74.2 98
5661 ueda 167.4 1 55.5 37
5663 kawasaki 146.6 0 58.2 60
5664 asano 179.3 0 63.5 37
5665 maeda 166.6 0 46.2 55
5666 tuji 157.6 0 45.8 18
5667 kawaguchi 175.9 1 74 27
5668 nakanishi 162 1 43.8 27
5669 kinoshita 158.4 1 76.9 48
5670 watanabe 156.7 1 52.8 25
5672 fujimoto 173.3 1 66.6 77
5673 hoshino 152.5 1 44.9 2
5675 wada 178.1 1 66.5 55
5676 maruyama 164.9 1 57.8 68
5677 nakano 159.1 0 64.1 31
5678 imai 146 1 66.5 58
5679 baba 164.2 1 55 81
5680 takeda 153.9 0 45.1 89
5681 yamauchi 146.4 0 59.3 48
5682 nisimura 144.3 0 75.1 12
5683 yamauchi 147.9 1 50.4 87
5685 morimoto 169.3 0 59.2 96
5686 iida 162.5 0 45.1 46
5688 noguchi 161.3 0 43.7 34
5691 katou 149 0 51 96
5692 kobayashi 178.2 0 71.3 83
5694 arai 149.4 0 60.1 27
5697 takahashi 150.3 1 69.9 39
5698 morita 147.4 0 57.4 1
5699 miyamoto 163.9 0 50.8 76
5700 oota 148.5 0 51.9 22
5703 matuo 156 1 58.6 81
5705 sakurai 142.6 1 73.8 21
5707 itikawa 171 0 56.8 47
5709 yano 161.5 0 47.4 47
5711 yoshida 161.7 0 42 20
5716 higuchi 170.5 1 40.6 74
5717 ookubo 179 1 52.9 9
5720 matuo 153.3 0 49.6 80
5722 yamashita 175.5 0 72.3 57
5723 kimura 178.5 1 65.9 97
5726 fujimoto 162.8 0 66.8 66
5728 uchida 144.8 1 62.3 20
5730 fukuda 175.8 0 61.2 67
5733 oohashi 147.6 0 42.1 62
5734 yamauchi 143.2 0 58.9 76
5736 yamaguchi 156.8 0 50.4 70
5737 yamashita 163.3 1 73.7 56
5739 simada 152.4 1 79.2 8
5741 mori 149.6 1 60.3 29
5743 furukawa 164.6 0 43.3 47
5748 yokoyama 160.6 1 52.3 99
5750 saitou 154.1 1 58.8 47
5751 kudou 144.7 1 41.6 4
5754 kubota 163 0 74.8 28
5755 kikuchi 172.3 1 65.4 85
5756 fujimoto 148.7 0 40.8 38
5758 oyama 162.8 1 67.2 70
5760 sano 156 1 66.6 87
5762 satou 178.6 1 72.6 12
5764 yasuda 159.8 1 40 42
5770 simada 155.1 1 65 15
5771 furukawa 173.8 1 61.8 32
5778 nagai 166 1 67.1 40
5779 yamauchi 142 1 55.9 4
5780 yamada 159.6 0 53 1
5781 kitamura 150.4 0 42.3 23
5783 morimoto 148.3 1 65.8 93
5784 yamauchi 179.3 0 79.3 12
5785 hayashi 177.2 0 40.1 72
5786 kouno 161.5 0 41.5 56
5788 itou 143.6 0 58 31
5789 fukushima 178 1 66.2 66
5790 satou 157.9 1 49.8 92
5791 shimizu 177.6 0 63.9 86
5792 maruyama 156.4 0 64 69
5793 harada 155.5 0 58.9 40
5794 gotou 150.5 1 43.9 72
5802 suzuki 156.3 0 57.1 31
5804 kojima 165.1 0 79.4 65
5806 nisimura 148.3 0 52.8 44
5807 murakami 164.9 1 57 66
5809 nakamura 174.9 0 43.4 97
5810 hara 140.5 1 72.6 56
5811 kaneko 142.9 1 54.5 94
5813 nakano 141.5 0 60.4 64
5815 sugawara 176.9 1 76.7 94
5819 inoue 179.3 0 59.7 93
5824 ueda 162.1 0 40.7 58
5826 watabe 155.4 1 52.5 12
5831 kawakami 150.1 0 63.4 42
5833 akiyama 158 1 67.6 78
5834 honda 147.7 1 58.1 65
5836 satou 172.3 0 46.3 11
5840 baba 140.4 1 55.8 43
5841 iida 170.7 1 57 77
5843 ueno 174.3 1 66.5 84
5845 azuma 171.6 1 62.2 92
5848 tuji 149.6 1 57.9 31
5849 hasegawa 168.5 0 74.2 42
5852 saitou 154 0 66.1 15
5854 yasuda 174.9 1 44.7 54
5857 nakamura 141.9 1 51.5 37
5858 satou 147.2 0 71.9 91
5859 watabe 161.2 0 79 38
5860 andou 172.2 0 75.6 75
5862 kawasaki 151.4 0 41.6 39
5863 okamoto 173.1 1 50.6 79
5864 yamada 146.6 1 78.3 99
5865 takada 146.8 1 52.9 96
5866 kondou 154.4 0 46.9 3
5868 hirata 170.9 0 54 64
5869 nagai 170.2 1 47.2 53
5870 miura 141.4 1 66.5 61
5871 nishida 166.1 1 64.7 64
5872 yoshioka 165.5 1 40.9 31
5874 arai 141.6 0 78.4 97
5875 suzuki 168.5 0 55.5 77
5877 komatsu 165.3 1 47.2 0
5880 kikuti 178.4 0 59.3 81
5881 taguchi 155.3 1 46 49
5882 andou 156.2 0 49.6 67
5883 nakajima 145.9 0 53.7 33
5884 sakamoto 155.5 0 75.5 39
5885 miyamoto 174.6 1 48.2 62
5886 iida 160.4 1 51.3 27
5889 inoue 151 0 44.4 24
5890 morita 175.7 1 54.9 21
5893 oohashi 142.8 1 76.2 77
5895 saitou 177.8 0 69.6 50
5897 ookubo 144 0 41.7 83
5898 watanabe 157.5 1 44.5 84
5900 komatsu 169 1 59.5 89
5901 asano 167.6 1 66.4 97
5902 yamaguchi 168.6 1 71.7 40
5906 ishida 155 1 61.7 29
5907 itou 176.8 0 46.7 37
5908 miura 149.3 1 45.8 8
5909 morita 147.6 1 57.5 33
5911 katou 161.1 0 66.1 39
5912 oono 155.6 0 66.8 49
5913 ikeda 162 0 60.4 4
5914 wada 168 1 58.3 57
5916 yoshikawa 143.8 1 44.3 32
5918 nishida 168.8 0 64.7 78
5919 ono 164.7 1 43.5 44
