1354.7 3595.4
6099.9 12641.8
7303.05 15014.1
8652.52 17414
6739.95 13890.9
1652.38 3553.76
2301.64 4737.28
8697.28 17450.6
1784.24 4018.48
5162.64 10753.3
3059.87 6186.74
8652.96 17998.9
2857.69 6264.38
2781.87 6102.74
8678.29 17876.6
3794.19 8566.38
8552.64 17317.3
2615.56 5805.12
3880.97 7929.94
6916.52 14056
5953.03 12087.1
4556.8 9595.6
2073.79 4183.58
5434.87 11741.7
1271.9 2950.8
141.05 566.1
7016.72 14995.4
6952.04 14739.1
2752.28 5679.56
8991.13 18001.3
417.3 934.6
36.54 206.08
8979.1 18691.2
8064.75 17088.5
7625.41 15597.8
9475.89 19520.8
8760.6 17932.2
6631.25 13734.5
4803.67 9904.34
7960.93 15937.9
9623.25 19695.5
5782.07 11909.1
2038.41 4083.82
1952.33 4764.66
291.86 1442.72
2025.11 4147.22
9339.53 19231.1
2425.05 5265.1
520.05 1579.1
7663.28 16261.6
7153.32 14708.6
7757.09 15799.2
7495.22 15946.4
8105.14 16848.3
23.07 959.14
5099.85 10772.7
4832.15 10302.3
8310.43 16791.9
5198.42 11148.8
5077.74 10889.5
3364.3 7446.6
7153.91 14745.8
5313.76 10806.5
507.07 1402.14
9986.48 20327
3557.39 7645.78
977.83 2890.66
7495.69 15584.4
6207.04 12638.1
6658.78 14241.6
8320.18 16901.4
5521.63 11990.3
3492.89 7736.78
1555.02 3563.04
4736.92 10197.8
8535.87 17837.7
1143.64 2361.28
1034.33 2636.66
1521.84 3733.68
6068.21 12580.4
9923.04 20220.1
6753.34 13555.7
6712.6 13450.2
9937.59 20270.2
8382.36 16933.7
4696.6 9791.2
213.77 593.54
6823.74 13819.5
3087.89 6670.78
8427.78 16877.6
4183.64 8492.28
1942.27 3998.54
7962.07 16875.1
2677.22 6093.44
9706.67 20220.3
7203.56 14841.1
9835.53 20456.1
477.31 1137.62
9280.79 18820.6
2872.17 6450.34
